iter   avgS    lowS%    avgR     lowR      avgC      noC
1 28023.65 0.2616239 28023.65 10383.44 42612.19 0
2 34575.5 0.4084354 34575.5 16210.15 78811.96 0
3 24081.47 0.3560358 24081.47 14130.5 34133.56 0
4 30572.85 0.3641045 30572.85 14450.73 51700.82 0
5 28224.71 0.2675479 28224.71 10618.55 50509.83 0
6 33290.14 0.4751109 33290.14 18856.4 70685.62 0
7 33941.58 0.4279401 33941.58 16984.26 68413.08 0
8 28985.8 0.3921028 28985.8 15561.94 59937.14 0
9 28105.37 0.3414345 28105.37 13550.99 50280.09 0
10 34691.47 0.4308858 34691.47 17101.17 62366.65 0
11 34372.92 0.3959251 34372.92 15713.64 67484.98 0
12 28123.93 0.4742315 28123.93 18821.49 47604.27 0
13 30507.7 0.2775964 30507.7 11017.36 46896.15 0
14 31790.59 0.5128828 31790.59 20355.5 55391.17 0
15 26312.27 0.332731 26312.27 13205.56 46291.58 1
16 30038.12 0.4062409 30038.12 16123.06 51574.71 0
17 32360.43 0.4953376 32360.43 19659.16 60649.61 0
18 28185.23 0.3392334 28185.23 13463.64 54605.65 0
19 33227.09 0.3951835 33227.09 15684.2 72615.12 0
20 34914.84 0.4290231 34914.84 17027.25 67197.95 0
21 33634.33 0.4188553 33634.33 16623.7 56533.6 0
22 29254.16 0.2776428 29254.16 11019.2 55609.62 0
23 32036.26 0.4219809 32036.26 16747.75 60960.38 0
24 32696.53 0.4618172 32696.53 18328.79 69886.82 0
25 27043.8 0.3929395 27043.8 15595.15 42873.17 0
26 28338.18 0.3703797 28338.18 14699.78 41588.44 1
27 28585.91 0.3193648 28585.91 12675.08 47880.02 0
28 31896.25 0.4625225 31896.25 18356.78 60303.96 0
29 32249.86 0.4637536 32249.86 18405.64 61209.7 0
30 26872.76 0.370139 26872.76 14690.23 51743.46 0
31 32936.55 0.4500314 32936.55 17861.03 54128.4 0
32 31252.84 0.3867765 31252.84 15350.55 64712.95 0
33 26698.74 0.3185808 26698.74 12643.97 40576.02 0
34 29788.4 0.4369509 29788.4 17341.89 64740.1 0
35 29305.92 0.3188491 29305.92 12654.61 44540.82 0
36 26642.61 0.3133079 26642.61 12434.69 44358.77 0
37 32071.35 0.3689628 32071.35 14643.55 56127.71 1
38 25314 0.327065 25314 12980.69 35093.88 0
39 27338.69 0.385111 27338.69 15284.44 50502.79 0
40 24657.85 0.3748658 24657.85 14877.83 42332 0
41 31993.62 0.4164283 31993.62 16527.38 55475.84 0
42 27241.66 0.2870108 27241.66 11391 45925.08 2
43 29278.41 0.385535 29278.41 15301.27 59584.14 0
44 28906.82 0.4751963 28906.82 18859.78 48268.39 1
45 25608.1 0.4031779 25608.1 16001.49 38803.34 0
46 28457.71 0.3966493 28457.71 15742.38 43057.07 1
47 30309.32 0.4548876 30309.32 18053.77 53515.11 0
48 24126.48 0.3271415 24126.48 12983.72 37770.78 1
49 24936.7 0.3481236 24936.7 13816.47 40154.7 0
50 30409.15 0.4227647 30409.15 16778.86 64267.02 1
51 31504.16 0.4338698 31504.16 17219.6 59053.09 0
52 24538.94 0.4375867 24538.94 17367.12 41111.19 1
53 32824.84 0.3043027 32824.84 12077.29 62709.45 0
54 25355.15 0.3528439 25355.15 14003.81 45411.85 0
55 30882.91 0.4586857 30882.91 18204.51 70073.47 0
56 27949.7 0.4123706 27949.7 16366.34 54531.53 0
57 27446.02 0.4294694 27446.02 17044.96 50408.54 0
58 26088.54 0.3476425 26088.54 13797.38 38604.32 0
59 32764.34 0.3715712 32764.34 14747.07 57953.5 0
60 30438.28 0.5033932 30438.28 19978.88 48068.71 0
61 30430.76 0.4018977 30430.76 15950.68 37680.85 0
62 30587.72 0.4301661 30587.72 17072.61 58122.51 0
63 25199.04 0.3901611 25199.04 15484.87 42294.04 0
64 29894.82 0.4652887 29894.82 18466.57 52693.37 0
65 26907.11 0.385226 26907.11 15289.01 41623.95 0
66 28696.01 0.3744807 28696.01 14862.54 55389.98 0
67 32164.43 0.5056799 32164.43 20069.63 62949.44 0
68 37360.76 0.3289712 37360.76 13056.34 84325.27 0
69 33351.99 0.4036576 33351.99 16020.53 57859.7 0
70 28666.11 0.3856376 28666.11 15305.34 49599.51 0
71 34600.57 0.3981895 34600.57 15803.51 68623.6 0
72 28206.92 0.4187265 28206.92 16618.59 48174.37 0
73 30013.5 0.3734204 30013.5 14820.46 49478.84 0
74 27009 0.3846815 27009 15267.4 43737.13 0
75 31038.67 0.3530609 31038.67 14012.43 56857.1 0
76 25713.32 0.262987 25713.32 10437.53 40026.94 1
77 38255.32 0.5373416 38255.32 21326.24 69051.13 0
78 34346.11 0.4681335 34346.11 18579.47 68419.13 0
79 26122.5 0.3874866 26122.5 15378.73 55706.71 0
80 30525.71 0.4540193 30525.71 18019.3 58715.73 0
81 26664.1 0.4018422 26664.1 15948.48 52732.25 0
82 26074.78 0.357654 26074.78 14194.72 35633.79 0
83 26597.95 0.3099372 26597.95 12300.91 40023.9 0
84 25967.17 0.3443251 25967.17 13665.71 44220.38 0
85 22238.17 0.3637219 22238.17 14435.54 35257.38 0
86 32488.42 0.4437262 32488.42 17610.79 77364.44 0
87 24528.88 0.3040045 24528.88 12065.45 39310.16 0
88 27702.2 0.350912 27702.2 13927.14 53370.87 0
89 31143.45 0.3683973 31143.45 14621.11 59521.66 0
90 31886.35 0.5518349 31886.35 21901.45 74570.95 0
91 27448.92 0.3145879 27448.92 12485.49 47267.95 0
92 25365.49 0.3556036 25365.49 14113.34 46884.85 0
93 31237.69 0.462863 31237.69 18370.3 51999.12 0
94 34010.34 0.4138748 34010.34 16426.03 73804.67 0
95 29078.83 0.3838428 29078.83 15234.11 56473.55 1
96 27737.58 0.3297076 27737.58 13085.57 53263.81 0
97 29442.97 0.4594833 29442.97 18236.16 49723.97 0
98 28552.85 0.428352 28552.85 17000.61 46894.43 0
99 25032.73 0.3149752 25032.73 12500.87 45209.01 0
100 28642.18 0.42389 28642.18 16823.52 53070.88 0
101 30420.77 0.3541525 30420.77 14055.75 63010.45 0
102 27969.18 0.3402104 27969.18 13502.41 42842.77 0
103 27301.39 0.2806451 27301.39 11138.36 42249.21 0
104 24206.72 0.3491838 24206.72 13858.55 34798.37 0
105 27039.06 0.3345807 27039.06 13278.98 51483.99 0
106 28076.68 0.2866899 28076.68 11378.27 51095.88 0
107 30657.86 0.3453378 30657.86 13705.91 53152.58 0
108 28177.54 0.485012 28177.54 19249.36 46194.18 1
109 29580.32 0.4376355 29580.32 17369.06 56054.99 0
110 23730.7 0.4276166 23730.7 16971.42 38038.94 0
111 27894.58 0.3736521 27894.58 14829.66 50900.58 1
112 33929.31 0.4532925 33929.31 17990.46 60949.27 0
113 26292 0.3779976 26292 15002.12 44692.1 0
114 28166.67 0.3708673 28166.67 14719.13 43736.87 0
115 31726.74 0.4127371 31726.74 16380.88 63079.56 0
116 30287.75 0.3576465 30287.75 14194.42 59157.85 0
117 30072.44 0.3949289 30072.44 15674.1 53561.63 0
118 25133.28 0.3768867 25133.28 14958.03 40352.52 0
119 27096.98 0.3392439 27096.98 13464.05 41903.53 0
120 31267.3 0.438971 31267.3 17422.06 61669.08 0
121 30043.75 0.36622 30043.75 14534.69 59732.93 0
122 29968.95 0.3059364 29968.95 12142.13 40990.3 0
123 27492.75 0.3523879 27492.75 13985.71 42555.56 0
124 23874.93 0.3234478 23874.93 12837.13 40665.08 0
125 31402.44 0.4158428 31402.44 16504.14 63885.32 0
126 29327.15 0.3781502 29327.15 15008.18 58768.55 1
127 26273.84 0.3864069 26273.84 15335.88 44593.23 0
128 28147.55 0.4300859 28147.55 17069.42 36238.29 0
129 26554.12 0.3790854 26554.12 15045.3 27224.19 0
130 29409.39 0.4323607 29409.39 17159.71 45816.86 0
131 31872.44 0.4979785 31872.44 19763.98 58677.48 0
132 33476.91 0.4593209 33476.91 18229.72 69428.51 0
133 28322 0.3267347 28322 12967.58 47396.89 0
134 30241.05 0.3506906 30241.05 13918.35 69868.81 0
135 29990.01 0.3389896 29990.01 13453.96 49026.47 0
136 29111.79 0.3776704 29111.79 14989.14 59392.02 0
137 22937.63 0.2750639 22937.63 10916.85 33921.93 1
138 27480.81 0.4100743 27480.81 16275.2 43137.38 0
139 23724.66 0.3048355 23724.66 12098.44 34535.7 0
140 29109.64 0.4456662 29109.64 17687.78 50659.16 1
141 28554.67 0.3767861 28554.67 14954.04 60236.95 0
142 26379.61 0.4626602 26379.61 18362.25 43951.91 0
143 31591.96 0.3587441 31591.96 14237.98 55059.75 0
144 26794.44 0.362518 26794.44 14387.76 44290.42 0
145 33052.94 0.4156602 33052.94 16496.89 47745.84 0
146 28423.73 0.4013774 28423.73 15930.03 59213.06 0
147 25391.04 0.4440954 25391.04 17625.44 45742.06 0
148 30649.81 0.389528 30649.81 15459.75 53029.51 0
149 28473.94 0.4231056 28473.94 16792.39 57177.95 0
150 29894.33 0.2639375 29894.33 10475.26 54358.26 0
151 31966.51 0.451236 31966.51 17908.84 57185.59 0
152 34349.38 0.4315215 34349.38 17126.4 55819.6 0
153 34405.91 0.4704297 34405.91 18670.61 58317.58 0
154 29508.87 0.4195531 29508.87 16651.39 51574.29 0
155 27089.81 0.3723272 27089.81 14777.08 43525.14 0
156 30554.36 0.3985361 30554.36 15817.26 60963.79 0
157 31264.98 0.5034549 31264.98 19981.32 56055.71 0
158 31176.31 0.4160401 31176.31 16511.97 54544.69 0
159 28721.47 0.3543455 28721.47 14063.41 52185.01 1
160 27946.26 0.3125466 27946.26 12404.48 50713.92 1
161 29477.94 0.3137223 29477.94 12451.14 51813.94 1
162 30252.59 0.4535112 30252.59 17999.14 44051.39 0
163 34901.55 0.3374614 34901.55 13393.31 59280.88 0
164 33609.63 0.4917758 33609.63 19517.8 62155.06 0
165 31045.34 0.3806505 31045.34 15107.41 66078.35 0
166 29141.96 0.3688327 29141.96 14638.38 57367.87 0
167 29846.42 0.3917433 29846.42 15547.67 46742.12 0
168 31628.35 0.5031915 31628.35 19970.87 65993.95 0
169 37200.58 0.4866968 37200.58 19316.22 72961.85 0
170 30201 0.4511976 30201 17907.32 51190.36 0
171 29755.8 0.3768747 29755.8 14957.56 45796.54 0
172 34943.66 0.4956035 34943.66 19669.71 65846.1 0
173 28954.6 0.3862902 28954.6 15331.24 52615.15 0
174 27382.38 0.3924888 27382.38 15577.26 53509.95 1
175 30749.16 0.2761879 30749.16 10961.46 50927.38 0
176 27554.36 0.4585214 27554.36 18197.98 47977.56 0
177 28393.46 0.3550706 28393.46 14092.19 49120.72 1
178 29578.15 0.4240583 29578.15 16830.2 54471.01 0
179 25347.19 0.3946955 25347.19 15664.84 41657.53 0
180 26221.99 0.3894209 26221.99 15455.5 49669.55 0
181 28205.85 0.3259436 28205.85 12936.18 53921.24 0
182 30622.44 0.3537118 30622.44 14038.26 50133.46 0
183 30971.39 0.4483193 30971.39 17793.08 49187.8 0
184 26901.43 0.4511852 26901.43 17906.82 49851.77 0
185 31130.83 0.5007318 31130.83 19873.25 57323.57 0
186 30304.15 0.4032112 30304.15 16002.81 51875.49 0
187 34472.46 0.3751481 34472.46 14889.03 68243.5 0
188 31295.35 0.4430745 31295.35 17584.92 50638.84 0
189 29051.88 0.3801691 29051.88 15088.31 55616.12 0
190 30369.78 0.3049025 30369.78 12101.1 51545.41 0
191 29815.6 0.354479 29815.6 14068.71 62336.38 0
192 27468.37 0.4002211 27468.37 15884.14 49974.5 0
193 28317.12 0.2992086 28317.12 11875.11 43749.44 0
194 27097.29 0.2826558 27097.29 11218.16 43572.38 0
195 29306.52 0.4116928 29306.52 16339.43 55100.39 0
196 34003.96 0.3455974 34003.96 13716.21 57812.8 0
197 29736.28 0.3722712 29736.28 14774.85 40829.74 0
198 31266.68 0.4120633 31266.68 16354.14 58618.73 0
199 29502.76 0.3002061 29502.76 11914.7 52463.16 0
200 30541.36 0.4158054 30541.36 16502.65 49955.67 0
201 24690.21 0.3197956 24690.21 12692.18 33821.25 0
202 34751.43 0.4518985 34751.43 17935.13 70732.33 0
203 25922.01 0.3297145 25922.01 13085.84 31339.36 0
204 29652.19 0.4236802 29652.19 16815.19 53876.6 0
205 28328.73 0.4584416 28328.73 18194.82 53279.75 0
206 29465.81 0.3633504 29465.81 14420.8 50642.79 0
207 26822.71 0.4486291 26822.71 17805.38 37661.53 1
208 31512.68 0.3466513 31512.68 13758.04 60336.95 0
209 28314.19 0.4358174 28314.19 17296.9 50751.19 0
210 25524.99 0.3716698 25524.99 14750.98 41759.17 0
211 33737.72 0.4929905 33737.72 19566.01 60978.67 0
212 27643.12 0.4195441 27643.12 16651.04 49259.31 0
213 25843.12 0.3535439 25843.12 14031.6 38124.76 0
214 29434.47 0.3282138 29434.47 13026.28 44379.71 0
215 29960.28 0.399383 29960.28 15850.87 44907.33 0
216 29735.49 0.2824989 29735.49 11211.93 47703.68 1
217 30045.25 0.3041765 30045.25 12072.28 65740.03 0
218 27348.39 0.3295986 27348.39 13081.24 46403.83 0
219 32708.79 0.5112357 32708.79 20290.13 61421.44 0
220 28952.37 0.3117972 28952.37 12374.73 54205.19 0
221 29292.46 0.4017287 29292.46 15943.97 49001.42 0
222 32742 0.2575702 32742 10222.55 65092.89 0
223 26765.13 0.381592 26765.13 15144.78 40560.62 0
224 26572.02 0.3661853 26572.02 14533.31 53006.4 0
225 26460.67 0.3575225 26460.67 14189.5 47407.57 0
226 27423.95 0.3225726 27423.95 12802.4 51652.49 0
227 27861.23 0.3865151 27861.23 15340.17 42304.19 0
228 29530.16 0.4061239 29530.16 16118.41 51448.98 0
229 33938.23 0.4918554 33938.23 19520.96 57178.43 0
230 22781.18 0.3382978 22781.18 13426.5 34957.73 0
231 26247.83 0.2140222 26247.83 8494.199 37859.31 2
232 25239.44 0.3200347 25239.44 12701.67 41625.91 0
233 25217.75 0.2754166 25217.75 10930.85 40818.67 0
234 31030.8 0.3977662 31030.8 15786.71 55050.15 0
235 33719.65 0.3746738 33719.65 14870.21 68031.85 0
236 28458.68 0.4255182 28458.68 16888.14 44234.65 0
237 32414.39 0.3958153 32414.39 15709.28 54540.99 0
238 24692.35 0.3853627 24692.35 15294.43 38047.65 0
239 27531.8 0.3539625 27531.8 14048.21 48034.97 0
240 30484.14 0.4531807 30484.14 17986.02 50739.6 0
241 27711.48 0.4361777 27711.48 17311.2 47061.46 0
242 29822.02 0.2779568 29822.02 11031.66 54592.28 0
243 34576.82 0.5293741 34576.82 21010.02 79451.6 0
244 31863.17 0.4677869 31863.17 18565.72 57529.74 0
245 31006.52 0.3165072 31006.52 12561.67 57717.02 0
246 27329.3 0.4192301 27329.3 16638.58 46936.07 0
247 29450.61 0.3715725 29450.61 14747.12 54161.68 0
248 30765.04 0.2966806 30765.04 11774.78 56780.62 0
249 32036.15 0.3718456 32036.15 14757.96 65588.48 0
250 23748.8 0.3635553 23748.8 14428.93 39061.23 1
251 25130.57 0.400868 25130.57 15909.81 49084.59 0
252 28445.16 0.3113082 28445.16 12355.33 41314.14 0
253 29839.78 0.3454719 29839.78 13711.23 48147.58 0
254 33833.58 0.4290513 33833.58 17028.36 67896.39 0
255 39240.76 0.5096453 39240.76 20227.01 82890.49 0
256 29869.77 0.3375904 29869.77 13398.43 50342.2 2
257 29489.29 0.4665646 29489.29 18517.21 55676.62 0
258 32797.17 0.3512841 32797.17 13941.91 63790.02 0
259 25410.23 0.4046901 25410.23 16061.51 48736.2 0
260 31689.06 0.451297 31689.06 17911.26 49521.75 0
261 37607.26 0.438556 37607.26 17405.59 78863.34 0
262 29229.55 0.369391 29229.55 14660.54 41236.86 0
263 33809.04 0.3756835 33809.04 14910.28 72788.72 0
264 27953.98 0.3390311 27953.98 13455.61 43954.49 0
265 26386.21 0.274825 26386.21 10907.37 48420.74 1
266 28295.35 0.378485 28295.35 15021.47 53334.08 1
267 27553.04 0.4281432 27553.04 16992.32 45048.94 0
268 29805.68 0.4569544 29805.68 18135.79 54791.38 0
269 34501.02 0.45505 34501.02 18060.21 75829.42 0
270 29979.45 0.3787517 29979.45 15032.05 55754.97 0
271 28203.7 0.3936728 28203.7 15624.25 59248.49 0
272 28520.76 0.3023442 28520.76 11999.56 53182.32 1
273 30247.84 0.347794 30247.84 13803.39 45453.76 0
274 29226.56 0.3255704 29226.56 12921.37 51126.9 1
275 23583.13 0.3672125 23583.13 14574.08 25026.21 1
276 30840.32 0.3733723 30840.32 14818.55 57280.36 0
277 27885.59 0.4301066 27885.59 17070.25 46450.65 1
278 31349.31 0.3504834 31349.31 13910.13 50666.23 0
279 34784.38 0.4077479 34784.38 16182.87 58591.92 0
280 31565.45 0.3877911 31565.45 15390.81 44967.6 0
281 24339.1 0.3231602 24339.1 12825.71 45947.32 1
282 31095.25 0.4090223 31095.25 16233.44 58495.73 0
283 24717.41 0.3234924 24717.41 12838.9 48376.37 0
284 27652.04 0.396659 27652.04 15742.76 36934.54 0
285 30558.91 0.4692817 30558.91 18625.05 55460.97 0
286 28231.89 0.5047155 28231.89 20031.36 46177.61 1
287 33082.78 0.4244156 33082.78 16844.38 65297.01 1
288 29684.26 0.4358113 29684.26 17296.66 51890.3 1
289 27723.62 0.3731821 27723.62 14811 53061.19 0
290 27083.47 0.3573076 27083.47 14180.97 46117.2 0
291 27853.3 0.2830668 27853.3 11234.47 39641.38 0
292 32389.71 0.3883776 32389.71 15414.09 54766.72 0
293 33970.07 0.3559695 33970.07 14127.86 56952.09 0
294 28871.77 0.4355696 28871.77 17287.07 54128.17 0
295 30936.52 0.3664748 30936.52 14544.8 60940.72 0
296 31649.44 0.3737215 31649.44 14832.41 55410.51 1
297 28063.48 0.4855967 28063.48 19272.56 39577.1 1
298 25017.5 0.3446478 25017.5 13678.52 47275.11 0
299 25934.85 0.3587394 25934.85 14237.8 33332.86 1
300 29685.68 0.4027008 29685.68 15982.56 53563.13 0
301 23857.79 0.1833807 23857.79 7278.09 36405.64 1
302 34689.73 0.3995573 34689.73 15857.8 70756.94 0
303 32815.5 0.4973603 32815.5 19739.44 65743.58 0
304 28866.09 0.4091591 28866.09 16238.88 52268.88 0
305 30886.46 0.4239745 30886.46 16826.87 49420.87 0
306 33736.89 0.4330617 33736.89 17187.53 73267.8 0
307 32486.16 0.4207932 32486.16 16700.61 64247.08 0
308 27193.62 0.3577183 27193.62 14197.27 38023.03 0
309 27123.47 0.2993018 27123.47 11878.81 40870.54 0
310 32080.68 0.4296289 32080.68 17051.29 56910.62 0
311 30333 0.325718 30333 12927.23 47069.5 0
312 33469.51 0.3872802 33469.51 15370.53 65019.77 0
313 34956.99 0.4854247 34956.99 19265.74 68918.62 0
314 24702.13 0.4035152 24702.13 16014.88 39866 0
315 32950.77 0.4142425 32950.77 16440.62 73551.09 0
316 25595.74 0.3015705 25595.74 11968.86 44627.3 0
317 26457.45 0.3837441 26457.45 15230.19 52540.07 0
318 33224.71 0.4410614 33224.71 17505.02 62160.44 0
319 26100.79 0.2315799 26100.79 9191.037 50936.23 1
320 32526.35 0.3891791 32526.35 15445.9 63128.11 0
321 31475.65 0.4661778 31475.65 18501.86 63265.93 0
322 31613.37 0.386877 31613.37 15354.53 66783.76 0
323 27168.87 0.3695678 27168.87 14667.56 54708.79 1
324 27091.76 0.3448939 27091.76 13688.29 51984.93 0
325 28551.38 0.4893054 28551.38 19419.75 48597.17 0
326 28634.27 0.4061152 28634.27 16118.07 42218.87 0
327 25074.63 0.3406262 25074.63 13518.91 39809.02 0
328 24088.68 0.3322888 24088.68 13188.01 39081.2 0
329 26048.88 0.4550082 26048.88 18058.55 41218.96 0
330 24796.23 0.4199745 24796.23 16668.12 40268.95 0
331 28283.27 0.3751448 28283.27 14888.9 48631.84 0
332 33785.54 0.4159063 33785.54 16506.66 66112.23 0
333 24222.92 0.2810632 24222.92 11154.95 40800.86 0
334 27164.38 0.3677168 27164.38 14594.1 32626.12 0
335 30619.27 0.3306427 30619.27 13122.68 61127.2 1
336 30242.22 0.4896718 30242.22 19434.29 53808.98 0
337 29030.68 0.3587366 29030.68 14237.69 52496.88 0
338 26355.65 0.4188082 26355.65 16621.83 39146.68 0
339 28808.52 0.457009 28808.52 18137.96 52807.44 0
340 28994.18 0.4058473 28994.18 16107.44 65089.34 0
341 27985.57 0.2316046 27985.57 9192.02 46695.58 0
342 25950.94 0.3007391 25950.94 11935.86 37401.22 0
343 31651.58 0.4587989 31651.58 18209 57742.53 0
344 32725.13 0.3001074 32725.13 11910.78 67818.03 0
345 23354.89 0.3507189 23354.89 13919.48 34140.98 1
346 32427.32 0.3621908 32427.32 14374.78 63278.4 0
347 26640.76 0.3429366 26640.76 13610.61 35995.62 0
348 33166.75 0.3508741 33166.75 13925.64 58656.89 0
349 28431.94 0.5171107 28431.94 20523.3 56069.06 0
350 28133.27 0.3711847 28133.27 14731.73 50392.94 1
351 27348.06 0.2654318 27348.06 10534.57 55261.76 0
352 29537.18 0.4844545 29537.18 19227.23 60184.72 0
353 30221.05 0.4338757 30221.05 17219.84 59387.55 0
354 31630.47 0.2960873 31630.47 11751.24 52961.64 0
355 32790.85 0.4127102 32790.85 16379.81 55027.44 0
356 31898.19 0.3539419 31898.19 14047.39 66617.06 0
357 26090.32 0.2646776 26090.32 10504.63 46054.75 1
358 30733.76 0.4248543 30733.76 16861.79 66694.96 0
359 35108.14 0.4158691 35108.14 16505.18 70432.83 0
360 22767.45 0.3080587 22767.45 12226.36 34609.65 0
361 30022.97 0.4775773 30022.97 18954.28 55176.62 0
362 25780.64 0.3493542 25780.64 13865.31 35539.97 0
363 29318.58 0.4735466 29318.58 18794.31 49496.09 0
364 30224.88 0.4628815 30224.88 18371.03 53895.87 0
365 30659.41 0.4481334 30659.41 17785.7 59632.78 0
366 25839.02 0.3721489 25839.02 14770 39695.33 0
367 27358.8 0.4206363 27358.8 16694.39 46212.14 0
368 33759.91 0.4866255 33759.91 19313.39 57034.52 0
369 28898.18 0.3526902 28898.18 13997.71 48048.67 0
370 34593.66 0.3711068 34593.66 14728.64 59490.64 0
371 31769.19 0.4312834 31769.19 17116.95 50621.44 0
372 26296.07 0.3387426 26296.07 13444.15 47657.19 0
373 32877.34 0.4710098 32877.34 18693.63 67706.2 0
374 28345.76 0.3898593 28345.76 15472.9 50882.85 0
375 31339.43 0.3834597 31339.43 15218.91 58731.71 1
376 24958.02 0.3956649 24958.02 15703.31 40963.94 0
377 31882.57 0.4019097 31882.57 15951.16 62186.73 0
378 28529.9 0.3935921 28529.9 15621.04 58538.25 0
379 28632.15 0.3229195 28632.15 12816.16 47822.92 0
380 33768.91 0.5539955 33768.91 21987.2 62353.52 0
381 35188.43 0.4799166 35188.43 19047.13 65646.08 1
382 33172.76 0.3940495 33172.76 15639.2 65557.23 0
383 29599.78 0.3166035 29599.78 12565.49 53548.59 0
384 33131.33 0.5045705 33131.33 20025.6 67183.23 0
385 28353.62 0.3986842 28353.62 15823.14 51743.73 1
386 29066.17 0.3602043 29066.17 14295.94 56459.25 0
387 30263.01 0.3698821 30263.01 14680.03 50254.15 0
388 30840.85 0.3062873 30840.85 12156.06 71029.08 0
389 27434.99 0.2838619 27434.99 11266.03 44112.44 0
390 33214.94 0.3952445 33214.94 15686.63 56410.37 0
391 23799.94 0.3212247 23799.94 12748.9 39193.58 0
392 23662.44 0.3470525 23662.44 13773.96 26820.95 0
393 28401.95 0.3615173 28401.95 14348.05 49624.53 1
394 31782.07 0.3463326 31782.07 13745.39 64075.83 0
395 31308.63 0.4786262 31308.63 18995.91 47045.29 0
396 31896.73 0.3753502 31896.73 14897.05 67438.73 0
397 24636.13 0.3307221 24636.13 13125.84 32587.27 0
398 34128.15 0.3218091 34128.15 12772.09 55636.52 1
399 34807.32 0.329833 34807.32 13090.55 63175.26 0
400 32150.97 0.4414293 32150.97 17519.63 55425.95 0
401 35148.73 0.4876535 35148.73 19354.19 59074.16 0
402 27381.58 0.3701768 27381.58 14691.73 47093.59 0
403 36095.41 0.4538477 36095.41 18012.49 60690.55 0
404 30856.23 0.4353703 30856.23 17279.15 62433.48 1
405 27320.67 0.3248421 27320.67 12892.47 46047.92 0
406 28040.17 0.3035964 28040.17 12049.26 52181.56 0
407 28346.92 0.3523133 28346.92 13982.75 42248.01 1
408 27429.01 0.3483326 27429.01 13824.77 47119.53 0
409 29011.01 0.4490769 29011.01 17823.15 53122.3 0
410 27373.34 0.3819853 27373.34 15160.39 47951.5 0
411 26451.33 0.4289396 26451.33 17023.93 38009.84 0
412 27585.29 0.4591389 27585.29 18222.49 42679.9 0
413 28765.56 0.3993816 28765.56 15850.82 44390.78 0
414 24215.72 0.3017377 24215.72 11975.49 34945.13 0
415 32796.38 0.4282078 32796.38 16994.89 53003.33 0
416 25866.55 0.4125401 25866.55 16373.06 47568.67 0
417 33929.34 0.4797736 33929.34 19041.45 78318.95 0
418 28074.12 0.421907 28074.12 16744.82 56438.31 0
419 32582.44 0.3718603 32582.44 14758.54 58382.19 0
420 37199.25 0.4075235 37199.25 16173.96 70970.63 0
421 29173.7 0.4527796 29173.7 17970.1 58083.94 0
422 26463.79 0.4372221 26463.79 17352.65 51949.02 0
423 27935.06 0.4041865 27935.06 16041.52 50785.63 0
424 32715.31 0.4942128 32715.31 19614.52 62437.84 0
425 30490.47 0.4434206 30490.47 17598.66 42975.54 0
426 26501.91 0.4534854 26501.91 17998.11 49252.58 0
427 28540.8 0.4437431 28540.8 17611.46 44030.2 0
428 26456.75 0.3813293 26456.75 15134.35 39817.78 0
429 25321.78 0.3452536 25321.78 13702.57 32468.63 0
430 33676.44 0.4899543 33676.44 19445.51 61032.01 0
431 32801.13 0.4169584 32801.13 16548.41 70131.22 0
432 34289.35 0.3833468 34289.35 15214.43 68775.78 1
433 29073.26 0.3784604 29073.26 15020.49 51199.19 1
434 27153.64 0.3763122 27153.64 14935.23 42277.55 0
435 24490.05 0.2172122 24490.05 8620.809 36621.08 1
436 33477.81 0.4302713 33477.81 17076.78 70182.83 0
437 30345.98 0.3549123 30345.98 14085.91 59171.32 0
438 30412.06 0.3313249 30412.06 13149.76 56513.56 0
439 31772.83 0.4135122 31772.83 16411.64 55572.69 0
440 27199.63 0.4355479 27199.63 17286.2 48932.7 0
441 28518.48 0.3610316 28518.48 14328.77 46846.28 0
442 31688.24 0.3303936 31688.24 13112.8 55760.15 0
443 29845.1 0.4505062 29845.1 17879.87 48468.04 0
444 27550.34 0.3958283 27550.34 15709.8 44523.6 1
445 28598.49 0.2606923 28598.49 10346.46 54122.01 0
446 27252 0.4164382 27252 16527.77 49745.91 0
447 32151.06 0.3972442 32151.06 15765.99 56047.43 0
448 34917.07 0.5007096 34917.07 19872.37 61893 0
449 33212.58 0.3857758 33212.58 15310.83 53237.95 0
450 27425.63 0.3689591 27425.63 14643.4 41334.32 1
451 30764.08 0.2787059 30764.08 11061.4 56885.29 0
452 29696.37 0.4143199 29696.37 16443.7 65177.49 0
453 23428.04 0.3533887 23428.04 14025.44 43587.63 0
454 26650.15 0.3660447 26650.15 14527.73 49041.27 0
455 31948.64 0.3917921 31948.64 15549.6 56899.71 0
456 32204.25 0.431345 32204.25 17119.4 72916.25 0
457 26232.14 0.3831504 26232.14 15206.63 38270.93 0
458 32489.05 0.4920402 32489.05 19528.3 50174.9 0
459 32224.08 0.444136 32224.08 17627.05 62783.17 0
460 31704.55 0.5041816 31704.55 20010.17 68367.76 0
461 30676.57 0.4736318 30676.57 18797.69 54695.61 0
462 23450.13 0.3889533 23450.13 15436.94 31774.48 0
463 29506.04 0.2995479 29506.04 11888.58 43445.65 1
464 32641.43 0.403305 32641.43 16006.53 56717.67 0
465 30873.63 0.3743825 30873.63 14858.64 54602.66 0
466 27753.62 0.3854553 27753.62 15298.11 58527.79 0
467 36154.11 0.3947656 36154.11 15667.62 68722.25 0
468 31850.98 0.3684162 31850.98 14621.85 59451.48 1
469 31321.88 0.3754561 31321.88 14901.26 59319.39 0
470 27260.81 0.4052822 27260.81 16085.01 56299.96 0
471 28455.41 0.3439946 28455.41 13652.6 45836.34 0
472 31767.64 0.4325868 31767.64 17168.68 57740.35 0
473 27441.81 0.398733 27441.81 15825.08 47443.82 0
474 32377.89 0.4405977 32377.89 17486.62 55137.98 0
475 32268.67 0.4663302 32268.67 18507.9 58164.34 0
476 30329.98 0.3086303 30329.98 12249.05 57792.95 0
477 30308.45 0.3465301 30308.45 13753.23 50854.1 0
478 33334.36 0.384526 33334.36 15261.23 64618.3 0
479 33226.42 0.4716107 33226.42 18717.48 63505.82 0
480 33523.75 0.4880428 33523.75 19369.64 63703.38 0
481 29563.14 0.2729494 29563.14 10832.93 52553.85 0
482 32348.17 0.2557787 32348.17 10151.45 56074.19 0
483 25261.48 0.3596036 25261.48 14272.1 38855.52 0
484 26722.98 0.3719774 26722.98 14763.19 43358.55 0
485 28210.72 0.3012096 28210.72 11954.53 60534.95 0
486 32828.35 0.3161939 32828.35 12549.23 57980.46 1
487 28821.15 0.341674 28821.15 13560.5 49069.11 0
488 29224.03 0.3566456 29224.03 14154.7 61312.26 0
489 31488.42 0.3771115 31488.42 14966.96 57297.6 0
490 32046.62 0.4429767 32046.62 17581.04 54134.23 0
491 21727.88 0.3489448 21727.88 13849.06 30627.38 0
492 31725.49 0.4897473 31725.49 19437.29 66276.02 0
493 22940.07 0.329699 22940.07 13085.23 38561.37 0
494 25897.14 0.3439765 25897.14 13651.88 47827.31 0
495 33720.32 0.4397848 33720.32 17454.36 75289.49 0
496 33299.98 0.4023656 33299.98 15969.25 62991.23 0
497 24799.38 0.3727223 24799.38 14792.76 37910.51 1
498 30866.72 0.3667414 30866.72 14555.38 52793 0
499 31199.49 0.3538765 31199.49 14044.8 65689.18 0
500 30568.2 0.3387266 30568.2 13443.52 62561.35 0
501 28851.94 0.3857152 28851.94 15308.42 53173.82 0
502 30777.62 0.5114942 30777.62 20300.39 52576.69 0
503 27802.3 0.3075213 27802.3 12205.03 51742.59 1
504 33989.89 0.3793905 33989.89 15057.41 69296.93 0
505 27234.14 0.3250464 27234.14 12900.57 57752.03 0
506 27531.3 0.4144582 27531.3 16449.19 47539.78 0
507 28702.73 0.3797405 28702.73 15071.3 63829.64 0
508 35531.5 0.3728413 35531.5 14797.48 64260.68 1
509 35063.36 0.4785924 35063.36 18994.57 64728.01 0
510 28942.2 0.3962835 28942.2 15727.86 56549.74 0
511 28916.56 0.3712901 28916.56 14735.91 41401.74 0
512 26633.4 0.4272565 26633.4 16957.13 42682.94 0
513 35256.55 0.3853069 35256.55 15292.22 70616.65 0
514 29032.46 0.2955651 29032.46 11730.51 51928.26 0
515 36224.97 0.3811992 36224.97 15129.19 77137.49 0
516 30901.64 0.3338391 30901.64 13249.54 50295.73 1
517 28730.96 0.4031056 28730.96 15998.62 49524.8 1
518 33568.56 0.4218141 33568.56 16741.13 63566.31 0
519 27133.19 0.3518724 27133.19 13965.26 54677.81 0
520 27179.88 0.3408553 27179.88 13528.01 42053.28 0
521 32660.09 0.3727183 32660.09 14792.6 59270.21 0
522 28189.98 0.3670978 28189.98 14569.53 46195.23 0
523 24924.17 0.3245606 24924.17 12881.29 35502.48 0
524 25775.32 0.3922886 25775.32 15569.31 35760.98 0
525 27390.27 0.3806689 27390.27 15108.14 48585.04 0
526 30845.51 0.3771458 30845.51 14968.32 55450.82 0
527 29963.99 0.4107883 29963.99 16303.53 50746.01 1
528 25981.04 0.3438804 25981.04 13648.07 38633.31 0
529 31794.99 0.3737279 31794.99 14832.67 62893.25 0
530 26721.35 0.3312451 26721.35 13146.59 39806.16 0
531 33546.43 0.429318 33546.43 17038.95 68081.6 0
532 25703.23 0.448543 25703.23 17801.96 43024.9 0
533 35031.78 0.4789037 35031.78 19006.93 76506.56 0
534 29510.41 0.3729019 29510.41 14799.88 49443.41 1
535 30406.73 0.4879823 30406.73 19367.24 62652.87 0
536 31871.87 0.4368301 31871.87 17337.09 62667.64 0
537 32151.58 0.3238563 32151.58 12853.34 68512.24 0
538 27351.93 0.3549611 27351.93 14087.84 38495.15 0
539 28249.81 0.3863476 28249.81 15333.52 51934.06 0
540 26105.19 0.3660057 26105.19 14526.18 47201.07 0
541 36438.69 0.3239334 36438.69 12856.4 65887.76 0
542 26593.45 0.351261 26593.45 13940.99 36881.43 0
543 27406.77 0.3209032 27406.77 12736.14 49541.86 0
544 30158.96 0.4005748 30158.96 15898.18 52371.85 0
545 30725.63 0.3641246 30725.63 14451.53 57690.08 0
546 35471.51 0.4148007 35471.51 16462.78 68902.82 0
547 29089.38 0.4067789 29089.38 16144.41 51820.64 0
548 28465.06 0.3815837 28465.06 15144.45 42365.23 0
549 32257.15 0.4345504 32257.15 17246.62 61539.38 0
550 33622.66 0.2938071 33622.66 11660.74 57452.93 0
551 29404.91 0.4380076 29404.91 17383.82 51183.46 0
552 31046.58 0.3622737 31046.58 14378.07 51404.09 1
553 31207.9 0.4161593 31207.9 16516.7 56602.16 0
554 28924.37 0.395443 28924.37 15694.51 62401.41 1
555 28935.53 0.2250887 28935.53 8933.413 56708.6 1
556 29846.65 0.3621793 29846.65 14374.32 53566.92 0
557 27130.66 0.3992445 27130.66 15845.38 46499.89 0
558 33673.28 0.4538459 33673.28 18012.42 59596.97 0
559 26044.58 0.3488574 26044.58 13845.6 43472.23 1
560 28456.05 0.3404403 28456.05 13511.53 50879.85 0
561 27285.28 0.4844233 27285.28 19225.99 39116.8 0
562 29954.37 0.3442095 29954.37 13661.13 45598.57 0
563 28372.5 0.4033303 28372.5 16007.54 44931.65 0
564 27411.67 0.3750383 27411.67 14884.67 40710.92 1
565 33478.31 0.3412483 33478.31 13543.6 75670.52 0
566 28098.15 0.375976 28098.15 14921.89 45189.16 0
567 30781.42 0.3394668 30781.42 13472.9 64436.01 0
568 26297.86 0.3826735 26297.86 15187.7 47489.13 0
569 25643.18 0.4379894 25643.18 17383.1 45631.05 0
570 33243.11 0.3779954 33243.11 15002.04 64416.44 0
571 29428.47 0.4656783 29428.47 18482.03 51652.09 0
572 25696.22 0.3603387 25696.22 14301.27 38351 0
573 31355.9 0.380933 31355.9 15118.62 54523.97 0
574 28784.65 0.4404026 28784.65 17478.88 48530.69 0
575 27260.42 0.306814 27260.42 12176.96 41847.22 0
576 27457.78 0.3858861 27457.78 15315.21 37693.67 0
577 32416.13 0.3853488 32416.13 15293.88 51034.46 0
578 25935.68 0.3775965 25935.68 14986.2 54167.59 0
579 23798.26 0.3156768 23798.26 12528.71 35271.75 0
580 24550.34 0.3432033 24550.34 13621.19 41827.34 0
581 25141.68 0.3232983 25141.68 12831.19 32727.36 0
582 27142.5 0.3736905 27142.5 14831.18 43512.09 0
583 28080.98 0.272159 28080.98 10801.56 40234.28 0
584 30529.24 0.3682881 30529.24 14616.77 53522.84 0
585 32510.13 0.4443471 32510.13 17635.43 54502.41 0
586 24207.16 0.3683627 24207.16 14619.73 39487.22 0
587 29332.98 0.3490662 29332.98 13853.88 46063.07 0
588 27121.1 0.3446315 27121.1 13677.87 35939.16 0
589 31025.66 0.3949452 31025.66 15674.75 49257.63 0
590 31914.16 0.4737537 31914.16 18802.53 61706.77 0
591 26660.45 0.3847174 26660.45 15268.82 45760.13 0
592 26807.76 0.3478187 26807.76 13804.37 48226.16 0
593 39627.33 0.4215842 39627.33 16732.01 94992.3 0
594 25754.67 0.3119965 25754.67 12382.65 41279.74 1
595 34354.88 0.4180236 34354.88 16590.69 61201.38 0
596 33265.35 0.3764154 33265.35 14939.33 63869.16 0
597 28963.93 0.4134696 28963.93 16409.95 46850.54 0
598 29451.98 0.2186485 29451.98 8677.81 51246.19 1
599 21832.54 0.302261 21832.54 11996.26 30813.92 0
600 26841.83 0.4411295 26841.83 17507.73 53757.6 0
601 28589.92 0.3679457 28589.92 14603.18 60030.31 0
602 34026.25 0.4344037 34026.25 17240.79 79172.41 0
603 28180.95 0.3340733 28180.95 13258.84 55122.34 0
604 27429 0.341035 27429 13535.14 38420.95 0
605 27425.69 0.4362779 27425.69 17315.17 43526.4 0
606 30529.28 0.464078 30529.28 18418.52 58969.93 0
607 29392.84 0.3698364 29392.84 14678.22 53590.84 0
608 23913.9 0.308407 23913.9 12240.18 44144.46 0
609 26763.58 0.3899653 26763.58 15477.1 49271.86 0
610 27525.32 0.4174183 27525.32 16566.67 43300.11 0
611 28626.79 0.3871385 28626.79 15364.91 66652.78 0
612 29590.27 0.3048009 29590.27 12097.06 47986.55 0
613 38224.65 0.5408286 38224.65 21464.63 73068.7 0
614 25676.47 0.2959689 25676.47 11746.54 46290.28 0
615 30364.9 0.4057971 30364.9 16105.44 53551.17 0
616 31725.39 0.5068785 31725.39 20117.2 50761.59 0
617 25894.49 0.2653712 25894.49 10532.16 42330.46 1
618 35014.33 0.5552952 35014.33 22038.78 56942.11 0
619 27530.54 0.3752608 27530.54 14893.5 56881.4 0
620 28650.68 0.3606303 28650.68 14312.84 61247.44 0
621 27252.66 0.3296003 27252.66 13081.31 38408.02 0
622 24148.9 0.3648112 24148.9 14478.78 37557.05 1
623 29794.32 0.4608599 29794.32 18290.8 46425.63 0
624 34969.25 0.4075583 34969.25 16175.34 65320.24 0
625 26470.39 0.3205901 26470.39 12723.71 36049.2 1
626 31691.3 0.418539 31691.3 16611.15 60398.43 0
627 30812.76 0.4127072 30812.76 16379.69 56263.13 0
628 33589.64 0.5102937 33589.64 20252.75 62200.07 0
629 31691.96 0.3465574 31691.96 13754.31 52769.5 0
630 34131.89 0.3837904 34131.89 15232.03 70214.33 0
631 30947.31 0.4432335 30947.31 17591.23 53518.4 0
632 27538.91 0.3126083 27538.91 12406.93 49565.99 0
633 27213.82 0.4102502 27213.82 16282.18 37564.34 0
634 32537.1 0.3744296 32537.1 14860.51 58975.46 1
635 31717.23 0.4658397 31717.23 18488.44 47727.41 0
636 32219.74 0.3643332 32219.74 14459.81 61124.16 1
637 27300.26 0.3249161 27300.26 12895.4 52854.27 0
638 29124.76 0.4359043 29124.76 17300.35 56836.39 0
639 32931 0.4633886 32931 18391.16 64500.03 0
640 26952.67 0.4093518 26952.67 16246.52 45349.59 1
641 28493.75 0.4289791 28493.75 17025.5 42548.92 0
642 25950.11 0.3383712 25950.11 13429.42 36497.45 0
643 32688.44 0.4120808 32688.44 16354.83 53021 0
644 26468.87 0.4017108 26468.87 15943.26 46305.06 0
645 26327.19 0.3452898 26327.19 13704 52171.47 0
646 29509.95 0.4000476 29509.95 15877.25 51784.2 0
647 29794.83 0.2068784 29794.83 8210.675 53059.58 1
648 30941.78 0.410142 30941.78 16277.88 61065.89 0
649 24877.45 0.350081 24877.45 13894.16 29299.74 0
650 32889.57 0.3486957 32889.57 13839.18 71208.52 0
651 31329.24 0.2930991 31329.24 11632.64 58383.68 0
652 25638.83 0.3907324 25638.83 15507.55 45395.44 0
653 34392.17 0.4662878 34392.17 18506.22 67955.25 0
654 29922.51 0.3830339 29922.51 15202.01 54720.48 0
655 28428.53 0.3159173 28428.53 12538.26 46183.53 1
656 34279.59 0.4832246 34279.59 19178.42 67901.18 0
657 29179.68 0.4379108 29179.68 17379.98 58180.36 0
658 32134.73 0.4924608 32134.73 19544.99 69372.65 0
659 27679.18 0.3283698 27679.18 13032.48 62052.34 1
660 25829.43 0.3570526 25829.43 14170.85 50025.32 0
661 29918.29 0.4495278 29918.29 17841.04 53341.56 0
662 24496.44 0.4152972 24496.44 16482.49 34265.57 0
663 32433.51 0.4676651 32433.51 18560.89 60085.57 0
664 30630.91 0.3449076 30630.91 13688.83 51726.76 0
665 29667.74 0.2901086 29667.74 11513.95 49771.11 0
666 33847.87 0.4999624 33847.87 19842.71 63524.32 0
667 29786.88 0.3897633 29786.88 15469.08 62925.43 0
668 29263.09 0.3918006 29263.09 15549.94 57969.12 0
669 30747.57 0.4196803 30747.57 16656.44 44938.36 0
670 28419.28 0.3143406 28419.28 12475.68 55265.11 0
671 31004.8 0.4044108 31004.8 16050.42 49097.65 0
672 30557.04 0.4895943 30557.04 19431.22 67822.87 0
673 26598.52 0.4134839 26598.52 16410.52 53385.96 0
674 27704.96 0.4386049 27704.96 17407.53 42399.98 0
675 28399.37 0.3289862 28399.37 13056.94 48193.31 0
676 28236.4 0.4585291 28236.4 18198.29 53218.83 0
677 25220.61 0.4189142 25220.61 16626.04 50422.49 0
678 29256.1 0.3362722 29256.1 13346.11 40433.19 1
679 26058.37 0.4411108 26058.37 17506.99 33385.53 0
680 31979.66 0.4941114 31979.66 19610.5 75875.44 0
681 28683.46 0.4234833 28683.46 16807.38 43476.34 1
682 35811.97 0.5525426 35811.97 21929.54 60605.8 0
683 32782.73 0.3276514 32782.73 13003.96 64690.59 0
684 27615.36 0.3124374 27615.36 12400.15 49377.34 1
685 29534.2 0.3995105 29534.2 15855.94 47083.18 0
686 30094.47 0.3617942 30094.47 14359.04 48287.99 0
687 27802.67 0.3666142 27802.67 14550.34 42571.11 1
688 29434.64 0.4038183 29434.64 16026.91 47587.44 0
689 29745.3 0.384678 29745.3 15267.26 40523.69 0
690 29624.82 0.2990698 29624.82 11869.6 64156.39 0
691 29509.51 0.4749317 29509.51 18849.28 49511.76 0
692 29732.26 0.4460156 29732.26 17701.65 48982.47 0
693 26921.89 0.4392644 26921.89 17433.71 46749.66 0
694 26697.94 0.3825259 26697.94 15181.84 48243.43 0
695 28529.57 0.4277631 28529.57 16977.24 42118.01 0
696 25661.78 0.3171011 25661.78 12585.24 52723.34 0
697 26603.36 0.4268612 26603.36 16941.44 41216.01 1
698 32112.04 0.4429407 32112.04 17579.61 64659.88 1
699 27247.84 0.3715543 27247.84 14746.4 50318.99 0
700 30886.32 0.3486539 30886.32 13837.52 75586.2 1
701 28553.2 0.4654676 28553.2 18473.67 46199.04 0
702 39665.5 0.4661594 39665.5 18501.13 79840.17 0
703 28756.21 0.2867062 28756.21 11378.91 56540.39 1
704 28560.82 0.4272349 28560.82 16956.28 48919.09 0
705 34475.42 0.4526442 34475.42 17964.73 62893.67 0
706 27745.06 0.3974386 27745.06 15773.71 44780.65 0
707 31341.01 0.4846492 31341.01 19234.96 56872.11 0
708 28965.78 0.2946751 28965.78 11695.19 55870.18 0
709 29155.69 0.4212326 29155.69 16718.05 57252.51 1
710 32196.74 0.5258892 32196.74 20871.71 70714.26 0
711 26633.8 0.4012002 26633.8 15923 49501.87 0
712 31806.77 0.3888846 31806.77 15434.21 62378.79 0
713 26114.14 0.3722783 26114.14 14775.13 38418.05 0
714 25239.64 0.3525612 25239.64 13992.59 41082.14 0
715 32146.78 0.4504773 32146.78 17878.73 66699.09 0
716 33729.54 0.391547 33729.54 15539.88 67492.39 0
717 25757.8 0.3177183 25757.8 12609.74 47386.15 0
718 31509.19 0.4676565 31509.19 18560.54 57968.09 0
719 25513.89 0.3318831 25513.89 13171.91 33182.67 0
720 28510.66 0.3506236 28510.66 13915.69 49980.98 0
721 29440.72 0.4188001 29440.72 16621.51 45728.71 1
722 28610.79 0.3596631 28610.79 14274.46 49517.89 0
723 31535.33 0.4360019 31535.33 17304.22 57831.54 0
724 30697.03 0.2612813 30697.03 10369.84 60180.69 0
725 28647.12 0.3985926 28647.12 15819.51 61028.88 0
726 32308.89 0.4134605 32308.89 16409.59 53891.28 0
727 28395.42 0.4061258 28395.42 16118.49 56800.67 0
728 27818.94 0.2995138 27818.94 11887.23 38962.42 0
729 27563.71 0.4679625 27563.71 18572.69 42608.1 0
730 27812.57 0.4280683 27812.57 16989.35 57619.78 0
731 30416.32 0.390373 30416.32 15493.28 52314.5 0
732 30767.84 0.3306566 30767.84 13123.23 61441.14 0
733 26690.1 0.4104141 26690.1 16288.68 44889.89 0
734 26481.07 0.429305 26481.07 17038.43 43525.24 0
735 32328.56 0.4478071 32328.56 17772.75 51968.75 0
736 37805.22 0.3654451 37805.22 14503.94 75118.38 1
737 27173.78 0.3781454 27173.78 15007.99 53230.68 0
738 27936.98 0.3919785 27936.98 15557 49406.3 0
739 26832.33 0.2830306 26832.33 11233.03 43476.95 0
740 28044.75 0.4260028 28044.75 16907.37 48654.25 1
741 32335.23 0.4915008 32335.23 19506.89 61298.11 0
742 28571.94 0.4078879 28571.94 16188.42 54465.81 0
743 28990.82 0.392755 28990.82 15587.82 51120.96 0
744 38570.67 0.3957729 38570.67 15707.6 81428.86 0
745 33083.36 0.4718029 33083.36 18725.11 50848.18 0
746 26974.25 0.4183682 26974.25 16604.37 38957.96 1
747 27183.86 0.3285979 27183.86 13041.53 49438.12 0
748 33109.79 0.5061556 33109.79 20088.51 70968.8 0
749 27679.06 0.4039062 27679.06 16030.39 40524.34 0
750 29526.89 0.4087221 29526.89 16221.53 55683.18 0
751 31319.7 0.4801528 31319.7 19056.5 54859.86 0
752 30156.38 0.4075512 30156.38 16175.06 63520.67 0
753 26280.84 0.3181545 26280.84 12627.05 43376.36 0
754 27544.13 0.3542313 27544.13 14058.88 37560.91 0
755 36941.89 0.4615263 36941.89 18317.24 94594.11 0
756 31155.63 0.4495782 31155.63 17843.05 66835.11 0
757 25127.56 0.3617124 25127.56 14355.79 35364.6 0
758 29237.65 0.4052693 29237.65 16084.5 47445.44 0
759 27508.93 0.3710515 27508.93 14726.44 46421.79 0
760 28326.45 0.4497217 28326.45 17848.74 44593.33 0
761 31804.38 0.3976216 31804.38 15780.97 74336.92 0
762 28275.14 0.3122394 28275.14 12392.29 39006.72 1
763 26113.43 0.392 26113.43 15557.86 41684.22 0
764 34761.65 0.5201336 34761.65 20643.28 65599.06 0
765 30666.64 0.3676119 30666.64 14589.93 66326.44 0
766 29573.98 0.4086206 29573.98 16217.5 49788.58 0
767 33587.3 0.6009948 33587.3 23852.53 57625.41 0
768 27977.51 0.3535912 27977.51 14033.47 47852.25 0
769 34286.15 0.4286417 34286.15 17012.11 66511.13 1
770 33323.45 0.4576925 33323.45 18165.09 62280.2 0
771 32454.07 0.511559 32454.07 20302.96 64314.43 0
772 28473.13 0.4029897 28473.13 15994.02 56138.78 0
773 31982.85 0.3721569 31982.85 14770.32 61028.3 0
774 28631.54 0.4425915 28631.54 17565.75 43219.25 0
775 24257.57 0.3438925 24257.57 13648.55 44238.14 0
776 26364.09 0.3427968 26364.09 13605.06 38600.18 0
777 32173.21 0.4104268 32173.21 16289.19 51686.71 0
778 32835.34 0.4186729 32835.34 16616.46 63705.92 0
779 27523.07 0.3451719 27523.07 13699.32 50755.5 0
780 32200.65 0.3784575 32200.65 15020.37 58534.89 0
781 34738.54 0.4205962 34738.54 16692.8 66122.12 0
782 29702.04 0.3662128 29702.04 14534.41 51611.49 0
783 31869 0.2788569 31869 11067.39 58801.19 0
784 31216.85 0.4361001 31216.85 17308.12 49935.77 0
785 30298.96 0.3199086 30298.96 12696.67 42768.02 0
786 23606.29 0.3804893 23606.29 15101.02 32190.77 0
787 20140.96 0.2979459 20140.96 11825 31359.45 0
788 34228.49 0.3886575 34228.49 15425.2 60467.77 0
789 31058.93 0.39839 31058.93 15811.46 59605.63 0
790 37871.83 0.3429482 37871.83 13611.07 84270.88 0
791 29474 0.3994931 29474 15855.25 59753.21 0
792 27993.57 0.3439128 27993.57 13649.35 54803.74 0
793 29299.32 0.4425733 29299.32 17565.03 53660.98 0
794 24682.59 0.3067048 24682.59 12172.63 35192.8 0
795 30961.54 0.4661207 30961.54 18499.59 57790.16 0
796 29368.62 0.4092307 29368.62 16241.72 52850.77 0
797 28772.84 0.3759297 28772.84 14920.05 44145.96 0
798 28376.9 0.3905606 28376.9 15500.73 45969.03 0
799 27077.51 0.2772415 27077.51 11003.27 44322.35 0
800 30321.45 0.3553535 30321.45 14103.42 47398.46 1
801 30845.71 0.4282829 30845.71 16997.87 53567.37 0
802 28385.08 0.4447416 28385.08 17651.09 45939.49 0
803 33448.27 0.4475998 33448.27 17764.53 63278.22 0
804 28635.86 0.3740304 28635.86 14844.67 42821.58 0
805 25319.5 0.3445873 25319.5 13676.12 39161.21 0
806 27317.49 0.4003364 27317.49 15888.71 55544.19 0
807 29120.36 0.4374014 29120.36 17359.77 59452.23 0
808 26230.17 0.3389547 26230.17 13452.57 45127.64 0
809 29414.32 0.415952 29414.32 16508.47 44750.33 1
810 23845.41 0.3109738 23845.41 12342.06 38183.04 0
811 34042.1 0.4191502 34042.1 16635.41 60591.91 0
812 32214.86 0.4264179 32214.86 16923.85 69090.18 0
813 32607.41 0.3424281 32607.41 13590.43 57955.96 0
814 30330.89 0.3735588 30330.89 14825.95 56489.59 0
815 26219.73 0.4023754 26219.73 15969.64 48268.35 0
816 32712.09 0.4730813 32712.09 18775.84 60123.55 0
817 27111.52 0.2734655 27111.52 10853.41 42788.1 1
818 28574.8 0.3788821 28574.8 15037.23 51355 0
819 31139.16 0.378457 31139.16 15020.36 49623.9 0
820 27559.77 0.3634379 27559.77 14424.27 38176.32 0
821 36145.04 0.3780026 36145.04 15002.32 79377.93 1
822 25442.69 0.3969733 25442.69 15755.24 37661.34 0
823 25585.08 0.3505904 25585.08 13914.38 34762.94 0
824 24950.31 0.3428754 24950.31 13608.18 41125.7 0
825 31994.9 0.4327207 31994.9 17174 52864.36 0
826 34183.64 0.4201991 34183.64 16677.03 61688.9 0
827 26206.32 0.3661366 26206.32 14531.38 44807.74 0
828 28884.35 0.3313052 28884.35 13148.98 55052.74 0
829 32267.68 0.4583831 32267.68 18192.5 60551.45 0
830 31887.93 0.4268667 31887.93 16941.66 55257.61 0
831 25788.14 0.3038742 25788.14 12060.28 41666.53 0
832 30867.52 0.4657794 30867.52 18486.04 50538.65 0
833 32340.02 0.5119094 32340.02 20316.87 62432.46 0
834 35048.42 0.3848483 35048.42 15274.02 67778.16 0
835 35119.39 0.3757915 35119.39 14914.57 66481.74 0
836 27115.73 0.4520369 27115.73 17940.63 49725.09 0
837 32424.3 0.4089754 32424.3 16231.59 54211.77 0
838 25932.09 0.3895539 25932.09 15460.78 41662.92 0
839 27367.68 0.3714001 27367.68 14740.28 43836.71 0
840 33628.38 0.3736876 33628.38 14831.07 63376.94 0
841 29324.54 0.2915058 29324.54 11569.4 47821.58 0
842 32198.24 0.3218606 32198.24 12774.13 55705.64 0
843 26144.4 0.3944372 26144.4 15654.58 47175.8 0
844 35033.21 0.4453059 35033.21 17673.48 76234.78 0
845 30387.81 0.3738779 30387.81 14838.62 53827.02 0
846 30166.75 0.4092614 30166.75 16242.94 55986.28 0
847 28323.32 0.3612454 28323.32 14337.26 48588.67 0
848 27986.54 0.3834095 27986.54 15216.91 51027.12 0
849 27892.6 0.417793 27892.6 16581.54 54132.27 0
850 24035.43 0.3060183 24035.43 12145.38 38068.38 0
851 30039.33 0.3999778 30039.33 15874.48 53456.42 0
852 32969.39 0.3468357 32969.39 13765.36 66133.95 1
853 28198.01 0.44708 28198.01 17743.9 47952.69 0
854 24158.89 0.375157 24158.89 14889.39 35332.6 0
855 28196.56 0.4764851 28196.56 18910.94 43872.96 0
856 26492.27 0.4124703 26492.27 16370.29 52172.37 0
857 30982.71 0.449314 30982.71 17832.56 55520.32 0
858 25882.74 0.2622218 25882.74 10407.17 47793 0
859 30155.31 0.392296 30155.31 15569.6 51887.48 0
860 28014.04 0.4732823 28014.04 18783.82 46075.79 0
861 26064.44 0.3108911 26064.44 12338.77 51787.28 1
862 32500.13 0.4784248 32500.13 18987.92 65717.41 0
863 32080.96 0.4501923 32080.96 17867.42 57306.05 0
864 27640.61 0.3277302 27640.61 13007.09 44345.86 0
865 32482.15 0.4155225 32482.15 16491.43 54320.03 0
866 25048.97 0.3835879 25048.97 15223.99 38587.27 0
867 30425.59 0.4249326 30425.59 16864.9 55649.84 0
868 30624.19 0.4113262 30624.19 16324.88 49469.16 0
869 26194.84 0.4531746 26194.84 17985.78 37963.75 0
870 30882.92 0.3809719 30882.92 15120.17 52471.07 0
871 27207.18 0.2963874 27207.18 11763.15 59083.46 0
872 27908.57 0.3574483 27908.57 14186.56 40803.22 0
873 25971.68 0.4122594 25971.68 16361.92 39744.96 0
874 29310.08 0.4016565 29310.08 15941.11 43901.81 0
875 26410.07 0.3985246 26410.07 15816.81 40262.39 0
876 28793.46 0.3790326 28793.46 15043.2 47373.45 0
877 31026.35 0.3562432 31026.35 14138.73 51614.81 0
878 30709.87 0.4493734 30709.87 17834.92 62341.62 0
879 30232.92 0.3826526 30232.92 15186.87 58451.94 0
880 29424.07 0.4175105 29424.07 16570.33 41648.37 0
881 31090.27 0.4751969 31090.27 18859.81 60794.73 1
882 27064.24 0.3441952 27064.24 13660.56 48478.63 0
883 28256.41 0.3943927 28256.41 15652.82 46886.57 0
884 30532.84 0.4476846 30532.84 17767.89 65705.43 0
885 31302.11 0.4628583 31302.11 18370.11 59399.76 0
886 32368.93 0.3287155 32368.93 13046.19 54869.89 0
887 23317.77 0.3326221 23317.77 13201.24 30274.53 1
888 26754.23 0.3097552 26754.23 12293.69 45815.23 0
889 28830.94 0.3690826 28830.94 14648.3 44327.9 0
890 29780.36 0.3963076 29780.36 15728.82 63518.8 0
891 30546.98 0.4216755 30546.98 16735.63 59046.12 0
892 34142 0.3300156 34142 13097.79 62239.21 0
893 31139.5 0.4677546 31139.5 18564.44 60180.77 0
894 32445.67 0.4071002 32445.67 16157.16 55176.33 0
895 30290.48 0.4743387 30290.48 18825.75 60487.12 0
896 27750.85 0.3553158 27750.85 14101.92 44873.73 1
897 30953.95 0.4509936 30953.95 17899.22 56919.78 0
898 23339.07 0.3185747 23339.07 12643.73 40231.71 1
899 29682.17 0.4106894 29682.17 16299.61 61557.06 0
900 33936.45 0.3384347 33936.45 13431.94 62727.2 0
901 29774.32 0.3440627 29774.32 13655.3 45367.84 0
902 33945.46 0.4896643 33945.46 19434 56906.47 0
903 26590.7 0.3381879 26590.7 13422.14 45065.12 0
904 32795.66 0.4588062 32795.66 18209.29 60640.31 0
905 27541.96 0.3635876 27541.96 14430.22 46600.51 0
906 29359.71 0.3292436 29359.71 13067.15 52159.37 1
907 28798.3 0.3772847 28798.3 14973.83 53538.69 0
908 33370.22 0.4586919 33370.22 18204.75 64203.75 0
909 28880.91 0.4144857 28880.91 16450.28 38421.13 0
910 29439.28 0.4454198 29439.28 17678 65383.61 0
911 30204.31 0.4308215 30204.31 17098.62 49494.67 0
912 29193.43 0.3314999 29193.43 13156.71 52641.71 0
913 27773.94 0.3838685 27773.94 15235.13 36195.26 0
914 24774.22 0.3378121 24774.22 13407.23 47573.36 0
915 25896.2 0.3932595 25896.2 15607.84 30608.17 0
916 31189.64 0.4526094 31189.64 17963.35 56903.23 0
917 33659.84 0.4914676 33659.84 19505.57 62537.98 0
918 32644.85 0.4182496 32644.85 16599.66 60464.07 0
919 27231.51 0.4307635 27231.51 17096.32 48932.49 0
920 30554.33 0.2167318 30554.33 8601.74 53265.82 0
921 29551.66 0.3211678 29551.66 12746.64 44163.61 0
922 27612.09 0.3711904 27612.09 14731.96 45243.9 1
923 30040.37 0.3391297 30040.37 13459.52 58609.86 0
924 28636.61 0.4392348 28636.61 17432.53 58023.49 0
925 29195.66 0.3946692 29195.66 15663.79 49353.93 0
926 29246.63 0.3323618 29246.63 13190.91 53568.22 0
927 27026.71 0.4382151 27026.71 17392.06 50119.86 0
928 29955.36 0.3918405 29955.36 15551.53 49507.22 0
929 32425.64 0.436954 32425.64 17342.01 65136.11 0
930 32036.91 0.3957293 32036.91 15705.87 54411.41 0
931 26696.87 0.3893346 26696.87 15452.07 34647.2 0
932 34795.23 0.4964977 34795.23 19705.2 71531.01 0
933 28151.11 0.3209459 28151.11 12737.83 48915.08 0
934 24819.26 0.4517062 24819.26 17927.5 46031.84 0
935 28188.7 0.311541 28188.7 12364.57 35370.39 0
936 29724.84 0.3707673 29724.84 14715.17 64879.76 0
937 27414.09 0.3506887 27414.09 13918.28 44240.27 0
938 31477.07 0.3988185 31477.07 15828.47 57375.4 1
939 27826.43 0.2769582 27826.43 10992.03 60362.28 0
940 30608.55 0.486079 30608.55 19291.7 71663.47 0
941 28174.53 0.4522476 28174.53 17948.99 46449.1 0
942 30507.19 0.4215535 30507.19 16730.79 61606.69 0
943 26697.51 0.4079356 26697.51 16190.32 33222.33 0
944 28601.74 0.3043437 28601.74 12078.92 55204.84 1
945 29784.11 0.4390512 29784.11 17425.25 48538.3 0
946 28219.08 0.3968666 28219.08 15751 45707.76 0
947 28816.17 0.3741746 28816.17 14850.4 47089.52 0
948 29627.51 0.4472049 29627.51 17748.85 41785.43 0
949 31003.86 0.3970805 31003.86 15759.49 58566.63 0
950 28022.78 0.3402313 28022.78 13503.24 50796.76 0
951 31363.37 0.456341 31363.37 18111.45 54173.39 1
952 26456.14 0.3979592 26456.14 15794.37 46402.24 1
953 29935.55 0.3849428 29935.55 15277.77 53143.31 0
954 32793.07 0.4600209 32793.07 18257.5 53806.37 0
955 34513.22 0.4782504 34513.22 18981 75313.17 0
956 26097.4 0.3442242 26097.4 13661.71 47121.78 0
957 33503.79 0.3878882 33503.79 15394.67 58466 0
958 25075.98 0.281516 25075.98 11172.92 28965.93 0
959 28156.67 0.427633 28156.67 16972.08 44561.44 0
960 30442.32 0.4506362 30442.32 17885.03 62730.46 0
961 29064.24 0.3524972 29064.24 13990.05 56177.9 0
962 25279.33 0.3379936 25279.33 13414.43 37393.61 0
963 30983.01 0.4060098 30983.01 16113.89 49528.16 0
964 26392.13 0.3131936 26392.13 12430.16 46876.02 0
965 32008.86 0.2714842 32008.86 10774.78 59544.5 0
966 36172 0.3732576 36172 14814 64631.46 0
967 27892.33 0.2893107 27892.33 11482.28 52390.63 0
968 34436.33 0.4891597 34436.33 19413.97 62209.07 0
969 28923.25 0.3460506 28923.25 13734.2 51471.31 0
970 27243.9 0.3609479 27243.9 14325.45 44454.18 1
971 30339.09 0.421006 30339.09 16709.06 46668.21 0
972 29912.07 0.5005276 29912.07 19865.14 47865.8 0
973 26745.96 0.3336938 26745.96 13243.78 36992.82 0
974 29664.71 0.2545487 29664.71 10102.63 40373.24 1
975 29760.11 0.3695609 29760.11 14667.29 46251.81 0
976 27750.63 0.4183167 27750.63 16602.33 45965.59 0
977 28463.6 0.4327568 28463.6 17175.43 55594.57 0
978 24848.47 0.4396873 24848.47 17450.49 42413.92 0
979 31863.91 0.4814306 31863.91 19107.22 58069.14 0
980 27344.24 0.3729469 27344.24 14801.67 45540.76 0
981 28535.57 0.38225 28535.57 15170.9 53513.94 0
982 27401.33 0.3712643 27401.33 14734.89 51002.63 0
983 27732.86 0.2963112 27732.86 11760.12 42873.92 1
984 28423.67 0.3422023 28423.67 13581.46 53150.63 0
985 27610.49 0.3951622 27610.49 15683.36 43563.94 0
986 28876.55 0.3487481 28876.55 13841.26 43162.38 0
987 29464.76 0.4194585 29464.76 16647.64 62299.93 0
988 31050.46 0.4554213 31050.46 18074.95 43316.5 2
989 31666.69 0.3981316 31666.69 15801.21 48794.25 0
990 28012.21 0.4074796 28012.21 16172.22 50532.85 0
991 35825.62 0.4679001 35825.62 18570.21 69419.34 0
992 26733.23 0.4197178 26733.23 16657.93 35432.26 0
993 29302.58 0.453764 29302.58 18009.17 51423.03 0
994 31327.55 0.4502067 31327.55 17867.99 65744.7 0
995 26289.27 0.3520656 26289.27 13972.92 45754.42 0
996 26757.95 0.3622585 26757.95 14377.46 53022.15 0
997 31642.69 0.4450486 31642.69 17663.27 56330.94 0
998 28949.08 0.4172877 28949.08 16561.49 45985.07 0
999 25527.3 0.3796042 25527.3 15065.89 49785.09 0
1000 28834.67 0.4363696 28834.67 17318.81 56167.26 0
