iter   i     a     b      Smsy      Emin
1 20 1.809197 61973.81 23208.05 18566.44
2 20 1.825898 113561.2 42389.68 19050.44
3 20 1.665209 55672.78 21428.52 17142.81
4 20 1.645202 81546.92 31505.78 19050.44
5 20 1.59603 90341.14 35225.62 19050.44
6 20 1.418393 152755.3 61529.82 19050.44
7 20 1.493333 133040.8 52866.13 19050.44
8 20 1.386657 169145 68520.33 19050.44
9 20 1.664379 81784.75 31483.97 19050.44
10 20 1.690484 100917.5 38658.4 19050.44
11 20 2.025227 82431.61 29590.15 19050.44
12 20 1.52188 91241.93 36067.67 19050.44
13 20 1.283568 124345.4 51298.58 19050.44
14 20 1.625488 88148.88 34182.47 19050.44
15 20 1.870245 60400.26 22352.88 17882.3
16 20 1.53622 89678.35 35356.3 19050.44
17 20 1.240735 231941.5 96403.36 19050.44
18 20 1.646021 92581.05 35763.34 19050.44
19 20 2.22624 74637.81 25730.72 19050.44
20 20 2.155754 72681.84 25416.86 19050.44
21 20 1.605251 90088.17 35066.72 19050.44
22 20 1.413166 147496.5 59467.42 19050.44
23 20 1.842798 79477.4 29570.13 19050.44
24 20 1.838599 93033.75 34642.04 19050.44
25 20 1.874975 58518.8 21636.66 17309.33
26 20 1.909645 56857.54 20880.62 16704.5
27 20 1.385348 105664.4 42814.46 19050.44
28 20 1.528463 109042.2 43051.99 19050.44
29 20 2.298939 62541 21242.91 16994.33
30 20 2.166855 55591.87 19396.95 15517.56
31 20 2.033724 66277.32 23751.14 19000.91
32 20 1.492598 118185.6 46969.42 19050.44
33 20 1.908991 55063.38 20224.32 16179.45
34 20 1.526276 133971.9 52915.98 19050.44
35 20 2.087196 56052.72 19873.76 15899.01
36 20 1.431434 91072.69 36598.02 19050.44
37 20 1.545778 110469.9 43476.92 19050.44
38 20 1.337441 69610.61 28446.95 19050.44
39 20 1.612063 83488.33 32456.49 19050.44
40 20 1.698726 58696.02 22449.61 17959.68
41 20 1.439867 141264.8 56681.66 19050.44
42 20 1.21354 149897.8 62596.39 19050.44
43 20 1.589799 90211.3 35215.77 19050.44
44 20 1.937367 59920.96 21886.35 17509.08
45 20 0.984508 253600.2 110051.2 19050.44
46 20 1.296546 114206.8 47008.97 19050.44
47 20 1.745286 79078.05 29978.6 19050.44
48 20 1.234962 118920.4 49477.11 19050.44
49 20 0.9228101 78783991 34532388 19050.44
50 20 1.743207 104791.2 39742.27 19050.44
51 20 1.60917 102349.1 39810.2 19050.44
52 20 1.29466 112618.1 46370.34 19050.44
53 20 1.695486 103939.8 39778.49 19050.44
54 20 1.386396 133870.6 54233.26 19050.44
55 20 1.883403 87533.05 32311.25 19050.44
56 20 1.091341 872020.8 371789.2 19050.44
57 20 1.622765 76274.82 29593 19050.44
58 20 1.69753 57284 21914.51 17531.61
59 20 1.779713 92902.28 34988.07 19050.44
60 20 1.377812 101264.5 41086.88 19050.44
61 20 1.773931 60211.36 22701.46 18161.17
62 20 2.029555 67238.89 24115.72 19050.44
63 20 1.743447 60094.14 22789.76 18231.81
64 20 1.706101 79139.59 30226.43 19050.44
65 20 1.039831 196005.8 84287.62 19050.44
66 20 1.45072 113558.1 45475.17 19050.44
67 20 1.7234 97587.66 37150.2 19050.44
68 20 1.735366 138009.7 52418.76 19050.44
69 20 2.15074 62850.48 22001.08 17600.86
70 20 1.8098 70528.84 26408.68 19050.44
71 20 1.76833 102653.9 38745.12 19050.44
72 20 0.9642112 950722853 413937840 19050.44
73 20 2.233916 54535.41 18771.26 15017.01
74 20 2.038736 54122.47 19375.99 15500.79
75 20 1.53236 106251.2 41920.02 19050.44
76 20 1.120885 137894.7 58500.64 19050.44
77 20 1.32774 216241.7 88520.62 19050.44
78 20 2.378011 66866.93 22346.19 17876.95
79 20 1.977541 65419.35 23706.29 18965.03
80 20 1.962053 73551.27 26734.67 19050.44
81 20 1.57683 87906.09 34398.59 19050.44
82 20 1.45229 72701.51 29105.58 19050.44
83 20 1.900917 57474.52 21143.27 16914.61
84 20 1.433887 80938.81 32511.28 19050.44
85 20 1.420351 73314.05 29520.49 19050.44
86 20 1.740497 125380.9 47575.54 19050.44
87 20 1.645566 61908.23 23916.71 19050.44
88 20 2.27457 55760.73 19034.55 15227.64
89 20 1.570087 107252.7 42021.6 19050.44
90 20 2.120055 77095.19 27154.81 19050.44
91 20 1.82377 69266.79 25866.27 19050.44
92 20 1.49981 92208.4 36597.32 19050.44
93 20 1.655822 85483.59 32960.9 19050.44
94 20 1.336999 315077.7 128769.2 19050.44
95 20 1.545191 112500.8 44280.98 19050.44
96 20 1.446187 121763.6 48801.15 19050.44
97 20 2.04574 59144.97 21144.54 16915.63
98 20 1.17438 158909.4 66806.69 19050.44
99 20 2.111826 52058.13 18366.49 14693.2
100 20 2.003672 64214.64 23149.72 18519.78
101 20 2.310176 58421.94 19798.17 15838.54
102 20 1.507016 73619.54 29180.96 19050.44
103 20 1.365834 97599.89 39684.61 19050.44
104 20 1.725643 51227.77 19493.35 15594.68
105 20 1.500395 106648.9 42324.21 19050.44
106 20 1.578047 84230.82 32952.98 19050.44
107 20 2.021972 65324.05 23464.3 18771.44
108 20 1.385499 96698.56 39180.51 19050.44
109 20 2.103713 60222.16 21281.46 17025.17
110 20 1.800408 51263.04 19229.6 15383.68
111 20 1.778334 71767.83 27035.75 19050.44
112 20 1.888843 76564.81 28232.55 19050.44
113 20 1.364709 103537.4 42107.23 19050.44
114 20 1.685314 71518.88 27423.49 19050.44
115 20 1.473227 143570.7 57259.68 19050.44
116 20 2.081885 65837.9 23367.97 18694.38
117 20 1.956065 70118.92 25517.16 19050.44
118 20 1.763727 59620.4 22522.64 18018.11
119 20 1.629709 68910.08 26700.93 19050.44
120 20 1.640789 101906.3 39404.27 19050.44
121 20 1.134506 10247193739 4337292606 19050.44
122 20 1.68226 65397.82 25090.88 19050.44
123 20 1.319879 105058.4 43066.35 19050.44
124 20 1.153047 169832.1 71658.58 19050.44
125 20 1.74509 88356.4 33497.28 19050.44
126 20 1.597364 117084.3 45641.92 19050.44
127 20 1.989665 54329.56 19640.5 15712.4
128 20 1.560978 64503 25314.89 19050.44
129 20 1.427707 57640.47 23178.68 18542.95
130 20 1.589024 77407.86 30222.04 19050.44
131 20 2.323335 60957.9 20601.88 16481.51
132 20 1.928045 96296.94 35237.25 19050.44
133 20 1.307287 140169.4 57586.77 19050.44
134 20 1.674494 119869.4 46057.19 19050.44
135 20 1.754476 72474.3 27426.92 19050.44
136 20 1.610556 99681.97 38762.75 19050.44
137 20 1.77638 48530.6 18288.88 14631.1
138 20 1.690173 64986.91 24895.97 19050.44
139 20 1.480189 65056.21 25913.24 19050.44
140 20 1.075642 1.066495e+12 455899073578 19050.44
141 20 1.906857 77216.61 28372.85 19050.44
142 20 1.765466 62937.13 23767.68 19014.14
143 20 1.532567 100594.5 39686.72 19050.44
144 20 1.704541 67565.26 25813.38 19050.44
145 20 1.700649 74354.42 28428.15 19050.44
146 20 1.751851 87030.99 32952.22 19050.44
147 20 1.55922 78563.6 30843.14 19050.44
148 20 1.563836 93259.99 36581.54 19050.44
149 20 1.847179 73760.91 27419.97 19050.44
150 20 2.061221 63553.4 22650.51 18120.41
151 20 1.720196 96533.21 36771.18 19050.44
152 20 1.585598 97339.28 38027.98 19050.44
153 20 1.72746 85677.61 32591.03 19050.44
154 20 1.747486 75331.76 28546.38 19050.44
155 20 1.206195 151601.9 63388.1 19050.44
156 20 1.626639 98071.52 38022.1 19050.44
157 20 1.960265 63166.02 22967.9 18374.32
158 20 1.550489 94609.75 37202.6 19050.44
159 20 1.496065 101585.3 40346.58 19050.44
160 20 1.152406 261576.5 110381 19050.44
161 20 1.520599 95720.87 37847.07 19050.44
162 20 2.416025 48861.56 16201.31 12961.05
163 20 1.887114 82931.45 30590.5 19050.44
164 20 1.891974 88428.16 32587.12 19050.44
165 20 1.482968 154513.4 61514.76 19050.44
166 20 1.324952 213629 87494.1 19050.44
167 20 0.9672225 446997.8 194524.3 19050.44
168 20 1.643965 106819.4 41279.42 19050.44
169 20 1.759004 97668.05 36929.16 19050.44
170 20 2.374072 54416.97 18200.32 14560.26
171 20 1.485127 92341.18 36748.35 19050.44
172 20 1.640187 115718.6 44750.15 19050.44
173 20 1.593856 85882.77 33500.77 19050.44
174 20 1.547654 110692.4 43549.4 19050.44
175 20 1.69322 79809.18 30556.64 19050.44
176 20 1.830453 63729.21 23767.65 19014.12
177 20 1.374618 120413.1 48884.03 19050.44
178 20 1.701605 84510.99 32305.49 19050.44
179 20 1.635608 63677.87 24646.35 19050.44
180 20 2.217195 51089.04 17644.9 14115.92
181 20 1.509656 112954.7 44750.81 19050.44
182 20 1.564483 90968.85 35678.56 19050.44
183 20 2.044995 59605.58 21312.37 17049.9
184 20 1.747185 72360.99 27422.21 19050.44
185 20 1.640775 86667.29 33511.86 19050.44
186 20 2.06003 62054.92 22121.71 17697.37
187 20 1.421406 174800.9 70371.64 19050.44
188 20 0.888679 30354449674 13377830344 19050.44
189 20 1.678096 86412.23 33179.45 19050.44
190 20 1.959143 68363.09 24863.11 19050.44
191 20 1.287137 286945.7 118305.3 19050.44
192 20 2.425507 48953.81 16200.09 12960.07
193 20 1.667452 74191.84 28544.46 19050.44
194 20 1.698751 66538.05 25448.84 19050.44
195 20 1.489181 108157.1 43010.7 19050.44
196 20 1.658733 90580.7 34907.14 19050.44
197 20 1.009871 188884.8 81627.7 19050.44
198 20 1.761442 88598.23 33484.16 19050.44
199 20 1.516197 98472.15 38966.34 19050.44
200 20 1.849977 73925.69 27466.32 19050.44
201 20 1.556272 58488.58 22974.43 18379.55
202 20 1.713218 105289.6 40159.84 19050.44
203 20 1.32784 69694.1 28529.44 19050.44
204 20 1.618716 95965.38 37260.7 19050.44
205 20 1.745686 70758.29 26822.52 19050.44
206 20 1.991231 63257.27 22860.84 18288.67
207 20 1.277769 86414.7 35686.45 19050.44
208 20 1.416397 152360.7 61392.92 19050.44
209 20 1.067251 470741.6 201511.6 19050.44
210 20 1.079062 339504.4 145046.5 19050.44
211 20 1.57098 104041.3 40756.61 19050.44
212 20 2.421986 49059.25 16246.81 12997.45
213 20 1.90052 46393.47 17068.19 13654.55
214 20 1.486639 89052.45 35429.8 19050.44
215 20 1.611037 73133 28436.25 19050.44
216 20 1.460491 100028.3 39986.21 19050.44
217 20 1.688665 106976 40993.34 19050.44
218 20 1.116091 213925.9 90829.6 19050.44
219 20 1.618669 100746.5 39117.4 19050.44
220 20 1.896318 69943.16 25753.26 19050.44
221 20 1.46587 90228.54 36033.58 19050.44
222 20 2.140731 73571.77 25806.14 19050.44
223 20 0.9734372 423248.6 184003 19050.44
224 20 1.283899 227288.2 93762.08 19050.44
225 20 1.538133 84979.21 33491.83 19050.44
226 20 2.043444 58219.13 20823.07 16658.46
227 20 1.78844 59770.62 22472.61 17978.09
228 20 1.251795 151866.1 63000.11 19050.44
229 20 1.429576 130937.1 52635.36 19050.44
230 20 1.790907 46268.47 17387.81 13910.25
231 20 1.193035 148136.9 62079.39 19050.44
232 20 1.532563 77652.13 30635.48 19050.44
233 20 1.261936 122478.6 50719.49 19050.44
234 20 1.576369 106386.4 41633.68 19050.44
235 20 1.616198 102791.9 39930.01 19050.44
236 20 1.169759 153977.4 64784.31 19050.44
237 20 1.320968 145066.8 59455.46 19050.44
238 20 2.605026 39625.65 12632.1 10105.68
239 20 1.477284 91958.02 36648.17 19050.44
240 20 1.32951 111487.8 45624.33 19050.44
241 20 2.028954 59277.94 21263.01 17010.41
242 20 1.746724 84765.73 32125.98 19050.44
243 20 2.079503 85174.19 30245.46 19050.44
244 20 1.548774 103968.4 40895.55 19050.44
245 20 1.568808 91999.5 36053.93 19050.44
246 20 1.432916 98685.27 39646.58 19050.44
247 20 1.089869 347989.4 148403.1 19050.44
248 20 1.284985 209024.9 86211.67 19050.44
249 20 1.493085 157831.7 62720.07 19050.44
250 20 1.738416 57579.2 21856.98 17485.58
251 20 1.875397 59514.75 22003.09 17602.48
252 20 1.653219 64606.94 24923.44 19050.44
253 20 1.546796 86344.17 33975.53 19050.44
254 20 1.475063 139963.6 55802.44 19050.44
255 20 1.766119 123123.4 46490.7 19050.44
256 20 1.576307 101080.4 39557.66 19050.44
257 20 2.289463 57280.18 19493.78 15595.02
258 20 2.399225 61789.49 20559.16 16447.33
259 20 1.905937 60234.69 22136.92 17709.53
260 20 1.751091 69234.78 26217.92 19050.44
261 20 1.869644 103156.9 38180.69 19050.44
262 20 1.253328 108275.2 44904.9 19050.44
263 20 1.508945 147855.2 58585.45 19050.44
264 20 1.692083 66272.79 25379.4 19050.44
265 20 1.421077 96012.64 38655.21 19050.44
266 20 1.898263 68216.31 25107.89 19050.44
267 20 0.972286 14128373063 6143316056 19050.44
268 20 1.955511 60432.48 21994.54 17595.63
269 20 2.045479 80093.33 28635.14 19050.44
270 20 1.022389 24320072724 10488436464 19050.44
271 20 1.643127 101899.7 39384.43 19050.44
272 20 1.746269 78653.29 29811.98 19050.44
273 20 1.354763 101857.7 41497.42 19050.44
274 20 1.184171 184216.6 77316.54 19050.44
275 20 1.428083 50658.22 20369.56 16295.65
276 20 1.602785 101652.7 39586.37 19050.44
277 20 1.748377 68914.46 26110.15 19050.44
278 20 1.277427 136596.2 56413.14 19050.44
279 20 1.428054 119601.1 48091.59 19050.44
280 20 1.153526 145944.4 61574.46 19050.44
281 20 1.439155 103245.8 41432.07 19050.44
282 20 1.695912 89683.37 34319.69 19050.44
283 20 1.450151 102885.9 41205.64 19050.44
284 20 1.818909 53550.37 20016.08 16012.86
285 20 1.993488 63795.23 23044.96 18435.97
286 20 1.815623 61928.7 23162.43 18529.94
287 20 1.754362 89812.76 33989.16 19050.44
288 20 1.365838 134532.7 54701.64 19050.44
289 20 1.064207 810458823 347111186 19050.44
290 20 1.062379 603092.3 258376.8 19050.44
291 20 1.544636 70042.48 27571.96 19050.44
292 20 1.617365 94491.62 36697.74 19050.44
293 20 1.936494 80310.04 29338.57 19050.44
294 20 1.753886 79129.48 29948.86 19050.44
295 20 1.864253 83866.37 31073.39 19050.44
296 20 1.674664 91879.69 35301.64 19050.44
297 20 1.938845 52473.37 19160.53 15328.42
298 20 1.063271 59743859826 25591665675 19050.44
299 20 1.238858 88941.3 36979.28 19050.44
300 20 1.688941 80007.6 30657.41 19050.44
301 20 1.634081 62842.27 24329.89 19050.44
302 20 1.820967 93610.84 34976 19050.44
303 20 1.528714 125808.7 49669.44 19050.44
304 20 1.034842 55316525417 23807183296 19050.44
305 20 1.127803 197629.2 83744.64 19050.44
306 20 2.261729 74417.92 25470.09 19050.44
307 20 1.481509 133197.8 53042.7 19050.44
308 20 1.759658 58963.45 22291.82 17833.46
309 20 1.637365 68043.71 26327.46 19050.44
310 20 1.024037 21076149297 9086971570 19050.44
311 20 2.108623 52431.19 18510.02 14808.01
312 20 1.738881 83528.74 31704.57 19050.44
313 20 1.618866 122389.8 47519.23 19050.44
314 20 2.250449 42574.58 14605.03 11684.03
315 20 1.817273 104059 38907.52 19050.44
316 20 1.292638 122444.3 50434.13 19050.44
317 20 1.522711 101531.5 40128.99 19050.44
318 20 2.021467 75592.78 27155.53 19050.44
319 20 1.200662 514036.5 215134.4 19050.44
320 20 1.859841 85270.51 31620.75 19050.44
321 20 1.558056 118188.8 46409.52 19050.44
322 20 1.751973 108331.6 41016.25 19050.44
323 20 1.661175 89837.38 34604.78 19050.44
324 20 2.249169 52875.87 18143.58 14514.87
325 20 1.468682 93288.55 37236.61 19050.44
326 20 1.402938 85843.9 34674.01 19050.44
327 20 1.578916 66730.06 26102.08 19050.44
328 20 1.55574 65663.22 25795.18 19050.44
329 20 1.59082 65766.43 25668.36 19050.44
330 20 1.627801 64427.46 24972.95 19050.44
331 20 2.0306 58390.75 20937.92 16750.34
332 20 1.816296 96579.79 36117.85 19050.44
333 20 1.487502 82822.34 32945.94 19050.44
334 20 1.685432 53340.23 20452.54 16362.03
335 20 1.541087 106525 41960.59 19050.44
336 20 1.925776 66572.04 24371.07 19050.44
337 20 1.303315 149021.9 61266.45 19050.44
338 20 1.107154 141697.6 60253.16 19050.44
339 20 1.031119 205887821575 88664742291 19050.44
340 20 1.9688 79734.34 28943.58 19050.44
341 20 1.245317 144000.9 59804.5 19050.44
342 20 1.118892 134600.7 57122.4 19050.44
343 20 1.436938 119313.1 47898.98 19050.44
344 20 1.827155 102781.5 38356.56 19050.44
345 20 1.331112 70433.73 28815.55 19050.44
346 20 1.752378 90035.74 34086.47 19050.44
347 20 0.8397139 1932153140 858176221 19050.44
348 20 1.160699 295491.5 124516.9 19050.44
349 20 1.390948 131641.1 53286.65 19050.44
350 20 1.444013 100786.4 40409.66 19050.44
351 20 1.503599 119526.1 47406.8 19050.44
352 20 1.735294 86729.15 32941.85 19050.44
353 20 1.48772 105703.8 42046.28 19050.44
354 20 1.904737 73895.56 27163.81 19050.44
355 20 1.598928 91426.95 35629.78 19050.44
356 20 1.123584 168625164634 71505206502 19050.44
357 20 1.305377 139426.4 57300.77 19050.44
358 20 1.267912 488682.7 202157.4 19050.44
359 20 1.472212 138763.3 55352.6 19050.44
360 20 1.838854 48718.06 18139.76 14511.8
361 20 1.431168 110602 44448.09 19050.44
362 20 1.020033 187835.5 81038.62 19050.44
363 20 1.863947 65463.27 24256.29 19050.44
364 20 1.804448 74415.6 27892.79 19050.44
365 20 1.670387 89696.34 34490.56 19050.44
366 20 1.579707 67418.85 26367.64 19050.44
367 20 1.611808 76090.9 29582.11 19050.44
368 20 1.341673 152094.9 62108.32 19050.44
369 20 2.119901 59148.62 20834.24 16667.39
370 20 1.603208 113305.5 44120.84 19050.44
371 20 1.46 102459.3 40961.66 19050.44
372 20 1.609186 72191.44 28079.83 19050.44
373 20 1.551308 124843.8 49083.86 19050.44
374 20 1.416969 103342.5 41636.99 19050.44
375 20 1.494021 112142 44556 19050.44
376 20 1.607924 68258.21 26556.2 19050.44
377 20 1.550527 106553.8 41898.95 19050.44
378 20 1.555984 120457.2 47318.37 19050.44
379 20 1.749299 79790.85 30225.65 19050.44
380 20 2.059051 69247.61 24690.63 19050.44
381 20 1.668857 103548.2 39828.43 19050.44
382 20 1.614792 109622.5 42594.57 19050.44
383 20 1.610405 90430.32 35166.1 19050.44
384 20 2.128496 72962.18 25655.47 19050.44
385 20 1.740507 76486.34 29022.53 19050.44
386 20 1.399174 131774 53261.99 19050.44
387 20 1.884232 71027.08 26214.13 19050.44
388 20 1.66438 130308.1 50163.55 19050.44
389 20 1.257484 127291.1 52753.23 19050.44
390 20 2.343793 61299.51 20630.46 16504.36
391 20 1.791267 56082.52 21074.5 16859.6
392 20 1.341837 56430.85 23043.01 18434.41
393 20 2.019495 60689.16 21810.18 17448.14
394 20 1.361702 183554.9 74689.24 19050.44
395 20 2.140844 56306.24 19749.61 15799.69
396 20 1.718928 127513.2 48583.72 19050.44
397 20 1.848549 48316.01 17956.28 14365.02
398 20 1.766022 86558.61 32684.65 19050.44
399 20 1.024842 77881442 33574088 19050.44
400 20 1.141617 254227.9 107476.6 19050.44
401 20 1.954514 76229.75 27749.45 19050.44
402 20 1.461495 92408.35 36933.42 19050.44
403 20 1.391777 139619 56507.65 19050.44
404 20 1.581109 115449.2 45140.66 19050.44
405 20 1.863774 60407.81 22383.83 17907.06
406 20 1.62081 82843.52 32153.26 19050.44
407 20 1.535985 75339.78 29704.5 19050.44
408 20 1.271788 156664.7 64765.01 19050.44
409 20 1.63498 81752.36 31645.75 19050.44
410 20 1.785811 64601.04 24301.03 19050.44
411 20 1.735386 55672.58 21145.44 16916.35
412 20 1.983223 53380.1 19321.87 15457.49
413 20 1.555103 78398.45 30801.72 19050.44
414 20 1.166588 98684.44 41542.86 19050.44
415 20 1.272587 151832.9 62758.8 19050.44
416 20 1.592379 81488.23 31795.3 19050.44
417 20 1.882998 102975.1 38014.41 19050.44
418 20 2.248034 57392.65 19698.01 15758.41
419 20 2.211567 62247.38 21523.32 17218.65
420 20 1.87604 102183.4 37773.29 19050.44
421 20 1.644303 92863.7 35884.09 19050.44
422 20 2.436534 45366.19 14978.62 11982.89
423 20 2.030726 60515.6 21699.31 17359.45
424 20 1.760504 89775.52 33935.19 19050.44
425 20 1.557162 75241.1 29550 19050.44
426 20 1.768128 70191.56 26493.75 19050.44
427 20 1.825678 59876.46 22351.4 17881.12
428 20 2.021444 48500.22 17423.03 13938.42
429 20 0.9108539 641601.7 281765.8 19050.44
430 20 1.707316 91800.95 35054.21 19050.44
431 20 2.100375 77157.12 27284.25 19050.44
432 20 1.759555 107007.5 40456.21 19050.44
433 20 2.097709 60923.24 21555.16 17244.13
434 20 1.765184 63386.94 23938.84 19050.44
435 20 1.43025 75221.89 30234.75 19050.44
436 20 1.265594 373920.6 154745.3 19050.44
437 20 1.653991 97962.54 37785.56 19050.44
438 20 2.234137 62723.14 21588.53 17270.82
439 20 1.375033 131177 53249.93 19050.44
440 20 1.234059 136684.3 56876.73 19050.44
441 20 1.406627 100027 40376.11 19050.44
442 20 1.047089 1998155 858226.2 19050.44
443 20 1.821568 68259.54 25500.98 19050.44
444 20 2.261817 48688.45 16663.69 13330.95
445 20 1.049519 145525271825 62479282625 19050.44
446 20 1.444961 98472.26 39475.04 19050.44
447 20 1.497853 119763.5 47550.86 19050.44
448 20 1.649967 108504.4 41883.35 19050.44
449 20 1.613624 88721.03 34480.69 19050.44
450 20 1.743115 61217.83 23217.38 18573.9
451 20 1.672816 88587.89 34048.74 19050.44
452 20 1.646448 119069.9 45992.09 19050.44
453 20 1.264415 150048.7 62109.71 19050.44
454 20 1.193493 215527.2 90313.41 19050.44
455 20 1.399292 122138.8 49366.47 19050.44
456 20 1.71392 117860.7 44948.76 19050.44
457 20 1.330988 96437.53 39454.98 19050.44
458 20 1.539561 78620.55 30977.63 19050.44
459 20 1.653644 102061 39368.98 19050.44
460 20 2.010081 75936 27340.56 19050.44
461 20 1.939478 68194.41 24897.93 19050.44
462 20 1.641877 51025.09 19725.92 15780.74
463 20 1.094561 65976345172 28114071388 19050.44
464 20 1.225873 203780.9 84916.82 19050.44
465 20 1.467206 101564 40550.67 19050.44
466 20 1.270308 256786.4 106182.6 19050.44
467 20 1.233868 291402.5 121261.6 19050.44
468 20 1.497369 132241.8 52509.89 19050.44
469 20 1.71026 87402.76 33356.12 19050.44
470 20 2.276407 55504.41 18939.94 15151.96
471 20 1.343779 109031.6 44506.71 19050.44
472 20 1.637654 90101.66 34860.23 19050.44
473 20 2.039158 53920.79 19302.16 15441.73
474 20 2.112358 63589.03 22432.29 17945.83
475 20 1.337617 136846.8 55921.86 19050.44
476 20 1.74235 87629.39 33239.04 19050.44
477 20 1.460451 97082.54 38808.93 19050.44
478 20 2.110548 69843.19 24647.52 19050.44
479 20 1.385254 150320.9 60909.98 19050.44
480 20 1.545694 112183.2 44151.89 19050.44
481 20 1.229714 225012.9 93702.15 19050.44
482 20 1.411269 145498.8 58681.96 19050.44
483 20 1.429722 81413.11 32726.37 19050.44
484 20 2.452487 44315.88 14583.54 11666.83
485 20 1.406501 216555.3 87414.98 19050.44
486 20 1.769162 98988.46 37355.71 19050.44
487 20 1.700609 74270.24 28396.18 19050.44
488 20 2.166282 65106.86 22719.52 18175.62
489 20 1.798561 83528.5 31344.04 19050.44
490 20 1.289373 156541.9 64515.65 19050.44
491 20 1.573618 53244.98 20847.74 16678.19
492 20 1.480333 136810.2 54492.94 19050.44
493 20 1.706004 55363.71 21145.9 16916.72
494 20 2.015793 55897.08 20102.8 16082.24
495 20 2.122469 80334.88 28282.17 19050.44
496 20 1.564109 119923.1 47037.87 19050.44
497 20 1.61063 60461.4 23510.95 18808.76
498 20 1.400469 116169.1 46943.73 19050.44
499 20 1.12413 17988796401 7627415512 19050.44
500 20 1.121362 38614295768 16380465678 19050.44
501 20 1.732886 79817.68 30330.62 19050.44
502 20 1.795597 68572.49 25746.49 19050.44
503 20 1.484516 115395.5 45928.22 19050.44
504 20 1.399963 169548.6 68520.46 19050.44
505 20 1.974208 68737.78 24925.21 19050.44
506 20 1.853123 62712.92 23286.11 18628.89
507 20 1.224369 83618412209 34853386055 19050.44
508 20 2.105452 76914.34 27170.71 19050.44
509 20 1.098114 476761.7 203038.4 19050.44
510 20 1.448444 112884.3 45223.98 19050.44
511 20 1.481031 74094.12 29508.71 19050.44
512 20 1.795671 59827.65 22462.8 17970.24
513 20 1.368347 195001.8 79253.26 19050.44
514 20 1.692184 84063.27 32191.72 19050.44
515 20 1.644615 135187.8 52235.76 19050.44
516 20 1.547125 85706.12 33722.42 19050.44
517 20 1.520479 94852 37504.36 19050.44
518 20 1.932079 71758.35 26237.24 19050.44
519 20 1.962009 68219.03 24796.71 19050.44
520 20 1.773873 61931.93 23350.43 18680.34
521 20 1.319299 178721.7 73270.45 19050.44
522 20 1.809065 65545.72 24546.29 19050.44
523 20 1.387287 71490.5 28957.41 19050.44
524 20 1.124667 102475.1 43446.46 19050.44
525 20 2.744456 44510.85 13780.05 11024.04
526 20 1.902363 68913.57 25344.21 19050.44
527 20 1.824198 65816.33 24575.73 19050.44
528 20 1.611412 61552.22 23931.63 19050.44
529 20 1.587338 113901.4 44483.99 19050.44
530 20 1.816314 58133.48 21740.05 17392.04
531 20 1.427724 211340.2 84984.96 19050.44
532 20 1.179451 143756.3 60383.91 19050.44
533 20 1.972232 94080.33 34128.05 19050.44
534 20 1.249068 172491.5 71590.27 19050.44
535 20 1.671942 98808.33 37983.22 19050.44
536 20 1.813739 86596.94 32400.56 19050.44
537 20 1.437741 158381.6 63574.06 19050.44
538 20 1.343919 80292.14 32774.46 19050.44
539 20 1.049037 430423926716 184811414033 19050.44
540 20 1.525923 82519.96 32595.7 19050.44
541 20 1.864597 83567.37 30960.54 19050.44
542 20 2.3586 43547.97 14611.56 11689.25
543 20 1.259878 162856.8 67464.63 19050.44
544 20 1.469137 94500.21 37717.13 19050.44
545 20 1.75266 88046.64 33331.63 19050.44
546 20 1.779578 99877.71 37616.08 19050.44
547 20 1.99625 61910.5 22351.91 17881.52
548 20 1.174835 116193.2 48844.68 19050.44
549 20 2.005884 71667.79 25825.29 19050.44
550 20 1.826811 82011.26 30607.44 19050.44
551 20 2.081292 60454.91 21459.93 17167.94
552 20 1.725812 76395.13 29069.18 19050.44
553 20 1.957757 68591.67 24953.06 19050.44
554 20 1.176776 145037248169 60949806014 19050.44
555 20 1.094208 20414780391 8699732571 19050.44
556 20 1.375734 154631.9 62763.35 19050.44
557 20 1.761065 65757.81 24853.81 19050.44
558 20 2.09511 67437.87 23872.53 19050.44
559 20 1.5627 81517.73 31982.32 19050.44
560 20 1.877389 65891.73 24351.27 19050.44
561 20 1.851553 52919.02 19655.49 15724.4
562 20 1.696005 70115.69 26831.13 19050.44
563 20 1.958586 59813.1 21755.93 17404.75
564 20 1.26543 110821.4 45864.25 19050.44
565 20 1.76162 113233.5 42793.18 19050.44
566 20 1.416149 95901.89 38644.86 19050.44
567 20 1.980348 78561.07 28452.72 19050.44
568 20 1.651033 77441.26 29886.81 19050.44
569 20 1.012818 5448946257 2353654357 19050.44
570 20 1.622878 112253.2 43550.91 19050.44
571 20 1.635047 80859.67 31299.8 19050.44
572 20 1.62383 62262.81 24151.83 19050.44
573 20 1.387008 135011.6 54689.53 19050.44
574 20 1.741136 71874.47 27269.29 19050.44
575 20 1.295357 106768.1 43956.24 19050.44
576 20 1.56194 62220.16 24414.62 19050.44
577 20 1.539498 91810.03 36174.89 19050.44
578 20 2.570327 46420.5 14905.96 11924.77
579 20 1.119217 143542.7 60913.91 19050.44
580 20 2.079378 45384.41 16116.46 12893.17
581 20 1.477478 60788.54 24225.29 19050.44
582 20 1.990089 52415.72 18947.05 15157.64
583 20 1.437842 78256.64 31411.49 19050.44
584 20 1.379719 117636.6 47713.43 19050.44
585 20 1.925913 69366.54 25393.42 19050.44
586 20 1.651488 62186.52 23997.52 19050.44
587 20 1.978205 60299.64 21848.17 17478.54
588 20 1.138662 93910.2 39721.08 19050.44
589 20 2.135339 59596.59 20926.91 16741.53
590 20 1.819448 81088.51 30306.15 19050.44
591 20 2.019813 54712.25 19660.99 15728.79
592 20 1.323022 144184.3 59072.38 19050.44
593 20 1.995793 111620.5 40302.64 19050.44
594 20 1.953103 54553.82 19864.41 15891.53
595 20 2.089296 71672.88 25401.27 19050.44
596 20 1.074125 127351943195 54453449734 19050.44
597 20 1.698393 74007.92 28307.77 19050.44
598 20 1.149803 285458.5 120512.1 19050.44
599 20 1.371101 66380.5 26965.35 19050.44
600 20 2.086956 58558.23 20763.1 16610.48
601 20 1.659506 92163.27 35511.85 19050.44
602 20 1.288762 746630.6 307741.9 19050.44
603 20 1.496336 107830.4 42824.84 19050.44
604 20 1.330949 86585.62 35424.57 19050.44
605 20 0.9452471 397227878972 173482774477 19050.44
606 20 1.502939 107896.7 42799.5 19050.44
607 20 1.420449 136619.4 55009.95 19050.44
608 20 1.319793 120976.7 49592.43 19050.44
609 20 1.204336 201984.4 84481.11 19050.44
610 20 1.855304 60642.56 22507.82 18006.26
611 20 1.771184 105107.4 39649.45 19050.44
612 20 1.60046 81477.97 31743.53 19050.44
613 20 1.564033 141106.7 55347.55 19050.44
614 20 2.140125 51951.97 18224.98 14579.98
615 20 2.156688 57870.42 20233.49 16186.79
616 20 1.183042 146715.4 61589 19050.44
617 20 1.547908 71216.92 28017.37 19050.44
618 20 2.232101 63942.8 22017.45 17613.96
619 20 1.703112 91468.98 34955.3 19050.44
620 20 1.396735 190923.4 77203.41 19050.44
621 20 2.298201 45502.51 15457.89 12366.31
622 20 1.222121 111041.1 46301.53 19050.44
623 20 1.259829 117803.3 48801.3 19050.44
624 20 2.047944 78291.07 27977.04 19050.44
625 20 0.8414557 55934085079 24836605828 19050.44
626 20 1.454391 145944.4 58405.66 19050.44
627 20 1.991614 69285.03 25037.34 19050.44
628 20 2.151542 66563.72 23297.15 18637.72
629 20 1.148336 207455.5 87603.4 19050.44
630 20 1.234199 436070.3 181452 19050.44
631 20 1.281588 159963.3 66015.55 19050.44
632 20 1.904542 65212.48 23972.85 19050.44
633 20 1.69507 55843.64 21373.44 17098.75
634 20 1.753993 85281.55 32276.63 19050.44
635 20 1.754864 72167.57 27308.82 19050.44
636 20 2.296019 64779.31 22016.34 17613.07
637 20 1.777862 74608.35 28108.35 19050.44
638 20 2.037026 65345.93 23401.99 18721.59
639 20 2.128688 70975.4 24955.9 19050.44
640 20 1.086896 287761.5 122779.5 19050.44
641 20 1.918457 55128.63 20210.78 16168.63
642 20 1.052756 152654.4 65504.89 19050.44
643 20 0.9972129 5997032994 2597041960 19050.44
644 20 1.002528 1704995 737712.5 19050.44
645 20 1.07482 8725625906 3730491474 19050.44
646 20 1.754487 72155.97 27306.39 19050.44
647 20 1.668027 91808 35318.25 19050.44
648 20 1.777115 89046.77 33552.77 19050.44
649 20 1.564276 51885.43 20350.58 16280.46
650 20 1.695406 116989.1 44773.24 19050.44
651 20 2.053998 73262.86 26148.64 19050.44
652 20 1.776078 62195.35 23439.83 18751.87
653 20 1.763163 96647.85 36514.35 19050.44
654 20 2.044806 67987.77 24310.39 19050.44
655 20 1.172609 136440.2 57377.85 19050.44
656 20 2.2646 70278.32 24039.19 19050.44
657 20 1.856759 77662.16 28816.6 19050.44
658 20 2.320269 66468.36 22478.39 17982.71
659 20 1.545489 138795.4 54627.71 19050.44
660 20 1.912729 63342.39 23248.11 18598.49
661 20 1.517535 98733.55 39060.2 19050.44
662 20 1.23608 81335.49 33833.27 19050.44
663 20 1.560568 111267.9 43671.59 19050.44
664 20 2.114366 62724.91 22118.52 17694.82
665 20 1.380741 109213.1 44288.8 19050.44
666 20 2.454994 61163.01 20117.16 16093.73
667 20 2.04061 73319.61 26238.82 19050.44
668 20 2.198512 55132.15 19113.65 15290.92
669 20 1.359832 96312.21 39202.84 19050.44
670 20 2.426374 53993.81 17864.75 14291.8
671 20 1.554286 78495.98 30844.7 19050.44
672 20 2.197196 69441.86 24081.08 19050.44
673 20 1.263792 247890.9 102620.7 19050.44
674 20 1.325887 99945.13 40926.87 19050.44
675 20 1.543923 75474.52 29714.17 19050.44
676 20 2.534001 47484.35 15363.61 12290.89
677 20 1.353983 148827.4 60641.56 19050.44
678 20 1.312771 94478.49 38777.84 19050.44
679 20 2.043278 43006.17 15382.4 12305.92
680 20 1.238808 840944041 349643795 19050.44
681 20 1.510534 74061.36 29337.19 19050.44
682 20 1.542794 106603.3 41978.25 19050.44
683 20 1.659753 108403.7 41767.59 19050.44
684 20 1.386234 123826.5 50165.66 19050.44
685 20 1.56749 79536.53 31177.39 19050.44
686 20 1.787861 70999.14 26697.29 19050.44
687 20 1.359053 102613.3 41773.44 19050.44
688 20 1.968258 63104.6 22909.43 18327.55
689 20 1.896651 58938.55 21699.92 17359.94
690 20 1.659124 118536.7 45677.2 19050.44
691 20 1.953754 61118.71 22251.99 17801.6
692 20 2.25398 51740.66 17736.65 14189.32
693 20 1.468979 91688.18 36595.84 19050.44
694 20 2.143312 49125.07 17222.22 13777.78
695 20 0.9762883 570596.9 247945.9 19050.44
696 20 1.854687 75084.83 27871.49 19050.44
697 20 1.847133 57122.55 21234.99 16988
698 20 1.651983 106974.9 41277.33 19050.44
699 20 1.379573 113244.1 45933.05 19050.44
700 20 1.599524 170359.1 66382.86 19050.44
701 20 2.216281 48831.42 16868.31 13494.65
702 20 1.696978 120554.1 46123.87 19050.44
703 20 1.611754 111362.7 43295.29 19050.44
704 20 1.763893 73962.35 27939.67 19050.44
705 20 1.577404 122021.1 47743.07 19050.44
706 20 2.156196 51931.43 18158.81 14527.05
707 20 1.549857 91352.11 35925.81 19050.44
708 20 1.264828 204563.2 84668.83 19050.44
709 20 1.893096 72254.87 26621.19 19050.44
710 20 2.431253 64237.29 21232.52 16986.01
711 20 1.744478 73893.83 28017.57 19050.44
712 20 1.591996 116947.7 45634.22 19050.44
713 20 2.012461 49609.87 17853.47 14282.78
714 20 0.968163 17365947457 7556150935 19050.44
715 20 2.847108 52960.69 16044.93 12835.94
716 20 1.782208 95816.15 36068.19 19050.44
717 20 1.560824 91215.64 35799.57 19050.44
718 20 1.580638 89037.76 34816.83 19050.44
719 20 1.432761 67013.33 26923.2 19050.44
720 20 1.819114 64576.42 24136.45 19050.44
721 20 1.430482 91970.26 36965.05 19050.44
722 20 1.685857 76675.75 29397.84 19050.44
723 20 1.774271 81288.11 30646.02 19050.44
724 20 1.993524 76765.65 27730.11 19050.44
725 20 1.788756 76688.42 28831.63 19050.44
726 20 2.10197 62981.7 22264.42 17811.54
727 20 2.031525 64214.02 23021.81 18417.44
728 20 1.755003 58352.09 22080.34 17664.27
729 20 1.85224 58564.29 21749.4 17399.52
730 20 1.295487 157418.5 64807.44 19050.44
731 20 1.654308 83955.87 32381.05 19050.44
732 20 2.195759 68764.81 23853.24 19050.44
733 20 2.067729 51492.18 18328.04 14662.43
734 20 1.832895 58352.83 21752.26 17401.81
735 20 1.547515 97275.34 38271.76 19050.44
736 20 1.894135 101854.5 37519.1 19050.44
737 20 1.576178 96234.92 37662.3 19050.44
738 20 2.000367 57933.83 20899.14 16719.31
739 20 1.357999 121383.3 49423.84 19050.44
740 20 1.454158 98095.69 39258.69 19050.44
741 20 1.162134 353715.5 149015.5 19050.44
742 20 2.329315 54350.26 18346.17 14676.94
743 20 1.451145 117842.3 47187.18 19050.44
744 20 1.646872 140471 54254.19 19050.44
745 20 1.554757 84944.86 33375.85 19050.44
746 20 1.107621 131060.6 55725.66 19050.44
747 20 0.9965329 3.74728e+11 162295703930 19050.44
748 20 2.631562 60944.29 19320.5 15456.4
749 20 1.064836 180124.1 77137.23 19050.44
750 20 1.4955 102187.9 40590.12 19050.44
751 20 1.752065 77660.54 29403.12 19050.44
752 20 1.748997 91472.06 34652.62 19050.44
753 20 1.297655 119269.4 49083.22 19050.44
754 20 1.380427 77715.83 31517.58 19050.44
755 20 1.950857 119024.6 43358.99 19050.44
756 20 1.676562 110099.5 42286.84 19050.44
757 20 1.771708 52176.25 19680.37 15744.3
758 20 1.456451 93115.67 37250.17 19050.44
759 20 1.978504 56818.63 20585.69 16468.55
760 20 1.325189 111678.1 45737.07 19050.44
761 20 2.002916 83301.69 30035.2 19050.44
762 20 1.56546 60088.3 23562.76 18850.2
763 20 0.9239326 25452292808 11154166019 19050.44
764 20 1.579152 123273.5 48217.48 19050.44
765 20 1.777056 100422.2 37839.46 19050.44
766 20 1.846632 67566.16 25119.79 19050.44
767 20 2.503086 56834.28 18507.57 14806.05
768 20 1.682487 73891.48 28348.39 19050.44
769 20 1.867213 87488.21 32396.67 19050.44
770 20 2.06407 71215.99 25367.03 19050.44
771 20 1.346552 170583.7 69598.08 19050.44
772 20 1.706591 88418.8 33767.37 19050.44
773 20 1.86568 81504.44 30189.89 19050.44
774 20 1.361399 80680.5 32830.98 19050.44
775 20 1.762367 62184.05 23497.22 18797.77
776 20 1.604035 65391.98 25459.53 19050.44
777 20 1.809084 69647.73 26082.36 19050.44
778 20 2.245555 66073.09 22688.72 18150.98
779 20 1.668782 77066.86 29643.17 19050.44
780 20 1.197547 247173.6 103502.4 19050.44
781 20 2.198678 72335.27 25076.92 19050.44
782 20 1.563884 87897.66 34477.84 19050.44
783 20 1.488416 116884.9 46487.96 19050.44
784 20 1.766504 74313.01 28058.11 19050.44
785 20 0.9664152 333841.3 145300 19050.44
786 20 1.289308 76721.78 31619.72 19050.44
787 20 1.467201 61027.13 24365.85 19050.44
788 20 1.308587 158961.9 65292.53 19050.44
789 20 1.610112 102476 39852.55 19050.44
790 20 1.991458 114364.9 41329 19050.44
791 20 1.891471 79561.88 29322.64 19050.44
792 20 2.058205 62217.63 22187.8 17750.24
793 20 1.80551 73412.24 27511.07 19050.44
794 20 1.821083 50840.67 18995.27 15196.22
795 20 1.799536 79600.15 29864.32 19050.44
796 20 1.565343 97307.86 38158.69 19050.44
797 20 1.564621 75090.39 29450.18 19050.44
798 20 1.28864 144685.6 59636.94 19050.44
799 20 1.774777 64564 24338.58 19050.44
800 20 1.240771 153054.2 63614.54 19050.44
801 20 2.222242 56572.32 19518.66 15614.93
802 20 1.65818 69372.82 26737.03 19050.44
803 20 1.704217 97033.16 37073.91 19050.44
804 20 1.93545 51025.88 18644.41 14915.53
805 20 1.37895 91108.33 36958.64 19050.44
806 20 1.667271 92864.43 35729.75 19050.44
807 20 1.880358 75249.31 27793.42 19050.44
808 20 1.412046 97461.4 39302.25 19050.44
809 20 1.050876 274794.8 117952.8 19050.44
810 20 1.323296 91456.52 37467.97 19050.44
811 20 2.280388 63688.68 21715.01 17372.01
812 20 1.213365 502514.4 209853.2 19050.44
813 20 1.154788 280933.8 118501.5 19050.44
814 20 1.727816 94175.61 35821.18 19050.44
815 20 1.769489 68452.13 25830.46 19050.44
816 20 1.83166 87070.65 32465.19 19050.44
817 20 1.72348 63284.47 24091.11 19050.44
818 20 1.924218 64173.82 23500.3 18800.24
819 20 1.706301 78452.12 29962.72 19050.44
820 20 0.8645924 5472496148 2421098727 19050.44
821 20 1.781504 112151 42222.86 19050.44
822 20 1.471783 67088.98 26763.83 19050.44
823 20 1.12939 100123 42415.38 19050.44
824 20 1.72865 58940.01 22415.2 17932.16
825 20 1.69983 80103.85 30631.1 19050.44
826 20 2.114653 67673.26 23862.07 19050.44
827 20 1.523766 84647.85 33449.46 19050.44
828 20 2.043737 63880.21 22846.52 18277.22
829 20 2.090584 67410.09 23884.35 19050.44
830 20 1.774361 72124.57 27190.85 19050.44
831 20 1.908725 55082.02 20232.22 16185.77
832 20 1.326432 118003.5 48317.02 19050.44
833 20 2.26338 61146.44 20920.78 16736.62
834 20 2.150419 73671.49 25790.69 19050.44
835 20 1.644438 115037 44451.09 19050.44
836 20 1.210944 206566.4 86299.4 19050.44
837 20 1.922782 70822.41 25942.3 19050.44
838 20 1.570789 71434.4 27984.35 19050.44
839 20 2.254466 48559.17 16644.39 13315.51
840 20 1.575197 110497.9 43252.1 19050.44
841 20 1.003837 682351.7 295174.7 19050.44
842 20 1.087892 1201337519 512490354 19050.44
843 20 1.792968 64846.02 24359.65 19050.44
844 20 2.253404 75426.32 25859.1 19050.44
845 20 1.86213 67960.77 25190.59 19050.44
846 20 1.745922 81233.79 30792.1 19050.44
847 20 1.63558 79779.46 30878.58 19050.44
848 20 1.797356 71023.38 26657.68 19050.44
849 20 1.680457 83873.93 32190.48 19050.44
850 20 2.058757 46521.99 16588.66 13270.93
851 20 1.737794 78716.86 29884.34 19050.44
852 20 1.465133 148160.2 59177.03 19050.44
853 20 1.351607 117247.5 47794.07 19050.44
854 20 1.676045 53433.36 20524.59 16419.68
855 20 1.753894 62721.92 23738.9 18991.12
856 20 1.784346 71291.28 26825.25 19050.44
857 20 1.071104 6.24382e+11 267109307546 19050.44
858 20 1.487744 90261.64 35903.64 19050.44
859 20 1.536638 94206.37 37138.65 19050.44
860 20 1.704929 68511.26 26172.88 19050.44
861 20 1.690528 81319.72 31150.84 19050.44
862 20 1.176118 32726833756 13754523906 19050.44
863 20 1.502028 110566.9 43865.98 19050.44
864 20 1.845289 60743.32 22589.07 18071.26
865 20 1.577569 96447.45 37735.74 19050.44
866 20 1.735177 53445.94 20300.53 16240.42
867 20 1.589218 93848.19 36639.45 19050.44
868 20 1.657682 81118.45 31266.85 19050.44
869 20 1.733548 54481.53 20700.3 16560.24
870 20 1.774896 75362.91 28408.79 19050.44
871 20 1.509393 135619.2 53732.7 19050.44
872 20 1.042566 259815.1 111676.7 19050.44
873 20 1.461411 74444.68 29754.22 19050.44
874 20 1.735895 65600.46 24913.8 19050.44
875 20 1.762472 58762.59 22203.92 17763.14
876 20 1.172172 178873 75227.92 19050.44
877 20 1.726503 79582.4 30277.99 19050.44
878 20 1.490375 131854 52422.81 19050.44
879 20 1.689595 80093.98 30686.71 19050.44
880 20 1.429381 85066.22 34196.94 19050.44
881 20 1.420852 139818.3 56293.89 19050.44
882 20 1.708777 75584.58 28853.99 19050.44
883 20 1.67413 73502.36 28243.62 19050.44
884 20 1.957872 78831.6 28677.6 19050.44
885 20 2.07952 54643.45 19403.89 15523.11
886 20 1.27804 202179.4 83489.55 19050.44
887 20 0.9554872 249115.6 108616.9 19050.44
888 20 1.424368 90760.4 36518.99 19050.44
889 20 1.916675 60204.11 22079.22 17663.38
890 20 2.21454 65662.91 22690.6 18152.48
891 20 1.331454 153592.1 62833.15 19050.44
892 20 1.756223 85773.47 32448.97 19050.44
893 20 1.969647 68950.39 25024.82 19050.44
894 20 1.691713 85017.33 32559.97 19050.44
895 20 1.829533 78590.7 29315.42 19050.44
896 20 1.662161 72278.2 27835.93 19050.44
897 20 1.922752 75172.2 27535.79 19050.44
898 20 2.17244 44616.37 15549.84 12439.87
899 20 1.488464 139709.7 55565.45 19050.44
900 20 1.846173 83078.45 30889.71 19050.44
901 20 1.551431 77640.96 30524.8 19050.44
902 20 1.918297 75107.75 27536.22 19050.44
903 20 0.9737305 926407.7 402726.9 19050.44
904 20 1.526168 109559.4 43274.44 19050.44
905 20 1.43017 97165.88 39055.5 19050.44
906 20 1.878633 75587.11 27927.57 19050.44
907 20 1.358966 147207.1 59928.27 19050.44
908 20 1.38864 157154.4 63640.41 19050.44
909 20 1.2114 99561.79 41591.71 19050.44
910 20 2.263859 66128.63 22623.19 18098.55
911 20 1.431271 101894.8 40948.13 19050.44
912 20 1.115822 354036.3 150325.1 19050.44
913 20 1.221772 97104.04 40492.55 19050.44
914 20 1.592636 79663.95 31082.01 19050.44
915 20 0.7623634 194893097859 87613892671 19050.44
916 20 1.598021 94068.05 36665.22 19050.44
917 20 1.798265 70850.98 26588.32 19050.44
918 20 1.537582 130092.9 51277.14 19050.44
919 20 1.486323 91777.7 36516.14 19050.44
920 20 1.382556 153671.1 62297.48 19050.44
921 20 1.303612 120260.4 49439.35 19050.44
922 20 1.623313 76531.68 29689.62 19050.44
923 20 1.755785 83741.07 31682.75 19050.44
924 20 1.813306 77012.08 28816.76 19050.44
925 20 2.021926 61992.78 22267.91 17814.33
926 20 1.86149 72958.73 27046.52 19050.44
927 20 2.037344 56697.36 20303.43 16242.74
928 20 1.932827 61581.35 22512.88 18010.3
929 20 1.186924 548292551947 230012491759 19050.44
930 20 1.815577 75147.63 28106.79 19050.44
931 20 0.8752135 863676.9 381457.3 19050.44
932 20 1.557494 135452.4 53193.98 19050.44
933 20 1.898731 65541.99 24121.37 19050.44
934 20 1.079247 259655352744 110929170619 19050.44
935 20 1.127386 101853.4 43163.05 19050.44
936 20 2.053985 74580.55 26619.02 19050.44
937 20 1.798185 61795.06 23190.25 18552.2
938 20 2.315901 58972.32 19961.24 15968.99
939 20 1.181808 10070199700 4228217361 19050.44
940 20 1.240665 3949673160 1641648661 19050.44
941 20 2.074732 49968.87 17760.95 14208.76
942 20 2.299952 59196.46 20102.72 16082.18
943 20 1.895926 48955.08 18026.78 14421.42
944 20 1.295649 198983.8 81917.12 19050.44
945 20 1.530442 80393.17 31729.25 19050.44
946 20 1.020169 500660.9 215997.4 19050.44
947 20 1.535419 93081.24 36703.32 19050.44
948 20 1.660186 63844.93 24597.23 19050.44
949 20 1.378063 143236.7 58114.02 19050.44
950 20 2.078268 58785.89 20880.1 16704.08
951 20 1.152737 236188.5 99662.11 19050.44
952 20 1.955688 55925.69 20353.58 16282.86
953 20 1.826574 64789.46 24181.2 19050.44
954 20 1.824483 71905.64 26848 19050.44
955 20 2.011391 86051.57 30974.59 19050.44
956 20 1.061583 555934.9 238205.2 19050.44
957 20 1.428886 150006.9 60308.74 19050.44
958 20 2.092763 40465.6 14331.28 11465.02
959 20 1.323057 100266.6 41079 19050.44
960 20 1.659624 102854.1 39630.31 19050.44
961 20 1.746606 82377.25 31221.46 19050.44
962 20 2.020723 45645.05 16399.7 13119.76
963 20 1.644785 79564.93 30742.45 19050.44
964 20 1.128235 359018823465 152121802165 19050.44
965 20 1.41298 181182.2 73051.21 19050.44
966 20 1.816556 92916.12 34746.01 19050.44
967 20 1.937969 67222.74 24550.45 19050.44
968 20 1.757635 92363.76 34932.71 19050.44
969 20 1.600967 86094.37 33538.9 19050.44
970 20 1.399181 98627.98 39864.58 19050.44
971 20 1.927726 61637.42 22555.95 18044.76
972 20 1.548513 80442.83 31643.39 19050.44
973 20 0.9150734 255763.3 112245 19050.44
974 20 1.565976 69643.69 27307.16 19050.44
975 20 1.59499 80310.96 31320.73 19050.44
976 20 1.778726 65765.83 24772.87 19050.44
977 20 1.615732 92163.99 35804.67 19050.44
978 20 2.013997 50477.92 18160.33 14528.26
979 20 2.252436 62305.53 21365 17092
980 20 1.55782 83242.42 32688.45 19050.44
981 20 1.085726 168285267689 71816489935 19050.44
982 20 2.337756 48878.16 16470.45 13176.36
983 20 1.764615 65445.01 24718.79 19050.44
984 20 1.251047 192770.7 79979.38 19050.44
985 20 1.421868 90667.57 36498.06 19050.44
986 20 1.093887 210684.3 89787.67 19050.44
987 20 1.720852 93441.6 35589.1 19050.44
988 20 1.393409 85783.5 34708.8 19050.44
989 20 1.643157 85528.17 33056.63 19050.44
990 20 2.038632 56119.08 20091.2 16072.96
991 20 1.636187 109206.5 42263.51 19050.44
992 20 1.580639 61207.28 23934.15 19050.44
993 20 1.84604 72802.1 27069.52 19050.44
994 20 1.59364 119451.6 46597.01 19050.44
995 20 1.961121 58288.26 21190.71 16952.57
996 20 1.498782 104868.2 41629.8 19050.44
997 20 1.497619 103643 41152.14 19050.44
998 20 1.654512 72669.73 28027.01 19050.44
999 20 1.946611 58112.57 21187.29 16949.83
1000 20 2.065427 62965.59 22422.17 17937.74
